Ambient Temperature(C): 18.5
Ambient Pressure(in Hg): 
Time(s)	T1(Deg C)	Wall Temp(Deg C)	Top Plate(Deg C)	Bottom Plate(Deg C)	P1(PSI)	P2(PSI)	Mass Flowrate(g/min)	Heater Energy (kJ)

0.00	17.30	18.80	18.90	18.60	1.50	2.50	0.00	0.00
0.10	17.20	18.80	18.80	18.70	1.60	2.70	0.00	0.00
0.20	17.30	18.80	18.90	18.70	1.60	2.50	0.00	0.00
0.30	17.30	18.80	18.90	18.70	1.60	2.20	0.00	0.00
0.40	17.40	18.90	18.90	18.70	1.60	2.20	0.00	0.00
0.50	17.40	18.80	18.90	18.70	1.50	2.40	0.00	0.00
0.60	17.40	18.80	18.90	18.70	1.50	2.40	0.00	0.00
0.70	17.30	18.90	18.90	18.70	1.00	2.70	0.00	0.00
0.80	17.40	18.80	18.90	18.70	1.30	2.70	0.00	0.00
0.90	17.40	18.80	18.90	18.70	1.60	2.20	0.00	0.00
1.00	17.40	18.80	18.90	18.70	1.30	2.50	0.00	0.00
1.10	17.40	18.70	18.80	18.70	1.50	2.20	0.00	0.00
1.20	17.40	18.70	18.80	18.70	1.50	1.00	0.00	0.00
1.30	17.30	18.90	18.90	18.70	2.10	2.50	0.00	0.00
1.40	17.30	18.90	18.90	18.70	2.10	2.50	0.00	0.00
1.50	17.50	18.80	18.80	18.70	1.50	2.40	0.00	0.00
1.60	17.50	18.90	18.90	18.70	1.50	2.40	0.00	0.00
1.70	17.50	18.90	18.90	18.70	1.50	2.40	0.00	0.00
1.80	17.40	18.80	18.80	18.60	1.30	2.20	0.00	0.00
1.90	17.50	18.80	18.90	18.70	1.10	2.40	0.00	0.00
2.00	17.50	18.80	18.90	18.70	1.50	2.20	0.00	0.00
2.10	17.50	18.80	18.90	18.70	0.80	2.50	0.00	0.00
2.20	17.50	18.70	18.90	18.60	1.60	2.50	0.00	0.00
2.30	17.50	18.70	18.90	18.60	1.60	2.50	0.00	0.00
2.40	17.50	18.70	18.90	18.60	1.30	2.50	0.00	0.00
2.50	17.50	18.80	18.90	18.70	0.10	2.70	0.00	0.00
2.60	17.50	18.80	18.90	18.70	1.30	2.40	0.00	0.00
2.70	17.50	18.90	18.90	18.70	-0.20	3.00	0.00	0.00
2.80	17.70	18.90	19.00	18.80	1.30	2.40	0.00	0.00
2.90	17.70	18.90	19.00	18.80	1.60	2.20	0.00	0.00
3.00	17.50	18.80	18.90	18.70	1.10	2.70	0.00	0.00
3.10	17.50	18.80	18.80	18.70	1.60	2.50	0.00	0.00
3.20	17.50	18.80	18.80	18.70	1.30	2.40	0.00	0.00
3.30	17.60	18.90	19.00	18.60	1.30	2.40	0.00	0.00
3.40	17.60	18.90	19.00	18.60	1.10	2.20	0.00	0.00
3.50	17.60	18.80	18.80	18.70	1.50	2.40	0.00	0.00
3.60	17.60	18.80	18.90	18.60	1.50	2.70	0.00	0.00
3.70	17.60	18.80	18.90	18.60	1.60	2.40	0.00	0.00
3.80	17.50	18.80	19.00	18.70	1.50	2.20	0.00	0.00
3.90	17.50	18.80	19.00	18.70	1.50	2.70	0.00	0.00
4.00	17.50	18.70	18.80	18.60	1.50	2.40	0.00	0.00
4.10	17.70	18.80	18.90	18.80	1.50	2.70	0.00	0.00
4.20	17.70	18.80	18.90	18.80	1.50	2.70	0.00	0.00
4.30	17.60	18.80	18.80	18.60	1.80	2.40	0.00	0.00
4.40	17.60	18.80	18.90	18.70	1.50	1.90	0.00	0.00
4.50	17.60	18.80	18.90	18.70	0.80	2.80	0.00	0.00
4.60	17.50	18.80	18.90	18.80	1.50	2.80	0.00	0.00
4.70	17.40	18.80	18.80	18.50	1.50	2.20	0.00	0.00
4.80	17.40	18.80	18.80	18.50	1.80	2.50	0.00	0.00
4.90	17.60	18.80	18.80	18.60	1.50	3.00	0.00	0.00
5.00	17.60	18.80	18.80	18.60	1.50	2.40	0.00	0.00
5.10	17.70	18.80	19.00	18.70	1.50	2.40	0.00	0.00
5.20	17.60	18.70	18.80	18.60	1.50	2.70	0.00	0.00
5.30	17.60	18.70	18.80	18.60	1.80	2.50	0.00	0.00
5.40	17.60	18.80	19.00	18.60	1.90	2.50	0.00	0.00
5.50	17.50	18.70	18.80	18.60	1.00	2.50	0.00	0.00
5.60	17.70	18.90	18.90	18.60	1.80	2.50	0.00	0.00
5.70	17.70	18.90	18.90	18.60	1.50	2.20	0.00	0.00
5.80	17.70	18.80	19.00	18.70	1.30	2.40	0.00	0.00
5.90	17.50	18.70	18.70	18.50	1.60	2.40	0.00	0.00
6.00	17.50	18.70	18.70	18.50	1.50	2.40	0.00	0.00
6.10	17.70	18.70	18.80	18.50	1.50	2.40	0.00	0.00
6.20	17.70	18.70	18.80	18.50	1.30	2.70	0.00	0.00
6.30	17.50	18.70	18.80	18.50	1.60	2.40	0.00	0.00
6.40	17.50	18.70	18.80	18.50	1.10	2.40	0.00	0.00
6.50	17.80	18.90	18.80	18.70	1.30	2.40	0.00	0.00
6.60	17.70	18.80	18.90	18.70	1.50	2.10	0.00	0.00
6.70	17.70	18.80	18.90	18.70	1.30	2.10	0.00	0.00
6.80	17.70	18.90	18.90	18.70	1.30	2.80	0.00	0.00
6.90	17.70	18.80	18.80	18.50	1.30	2.50	0.00	0.00
7.00	17.70	18.80	18.80	18.50	1.80	2.20	0.00	0.00
7.10	17.70	18.90	18.80	18.60	1.80	2.20	0.00	0.00
7.20	17.80	18.90	18.80	18.70	1.50	2.40	0.00	0.00
7.30	17.80	18.90	18.80	18.70	1.30	2.50	0.00	0.00
7.40	17.80	18.90	19.00	18.80	1.30	1.70	0.00	0.00
7.50	17.60	18.80	18.80	18.60	1.00	2.40	0.00	0.00
7.60	17.60	18.80	18.80	18.60	1.10	2.40	0.00	0.00
7.70	17.60	18.70	18.90	18.50	1.30	2.40	0.00	0.00
7.80	17.70	18.90	18.70	18.60	1.10	2.50	0.00	0.00
7.90	17.70	18.90	18.70	18.60	1.00	2.20	0.00	0.00
8.00	17.70	18.80	18.90	18.70	1.30	2.40	0.00	0.00
8.10	17.80	18.70	18.90	18.70	1.10	2.50	0.00	0.00
8.20	17.80	18.70	18.90	18.70	1.50	2.50	0.00	0.00
8.30	17.80	18.80	18.80	18.70	1.30	2.20	0.00	0.00
8.40	17.80	18.80	18.80	18.70	1.30	2.10	0.00	0.00
8.50	17.70	18.70	18.80	18.60	1.50	2.20	0.00	0.00
8.60	17.80	18.80	18.80	18.70	1.50	2.10	0.00	0.00
8.70	17.80	18.80	18.80	18.70	1.60	2.70	0.00	0.00
8.80	17.80	18.80	18.90	18.70	1.60	2.50	0.00	0.00
8.90	17.80	18.80	18.80	18.60	1.10	2.40	0.00	0.00
9.00	17.80	18.80	18.80	18.60	1.10	2.40	0.00	0.00
9.10	17.70	18.80	18.70	18.60	1.00	2.40	0.00	0.00
9.20	17.80	18.80	18.90	18.70	1.00	2.50	0.00	0.00
9.30	17.80	18.80	18.90	18.70	1.00	2.10	0.00	0.00
9.40	17.80	18.80	18.80	18.70	1.30	2.10	0.00	0.00
9.50	17.80	18.80	19.00	18.70	1.50	2.70	0.00	0.00
9.60	17.80	18.80	19.00	18.70	1.10	2.50	0.00	0.00
9.70	17.80	18.90	19.00	18.70	1.10	2.50	0.00	0.00
9.80	17.90	18.90	18.90	18.90	1.30	2.40	0.00	0.00
9.90	17.90	18.90	18.90	18.90	1.30	2.40	0.00	0.00
10.00	17.80	18.80	18.70	18.60	1.10	2.40	0.00	0.00
10.10	17.70	18.70	18.80	18.50	-0.20	2.50	0.00	0.00
10.20	17.70	18.70	18.80	18.50	1.30	2.70	0.00	0.00
10.30	17.90	18.90	18.90	18.70	1.00	2.40	0.00	0.00
10.40	17.90	18.90	18.90	18.70	1.50	2.50	0.00	0.00
10.50	17.90	18.90	18.90	18.70	1.00	2.50	0.00	0.00
10.60	18.00	18.80	18.90	18.70	1.30	2.50	0.00	0.00
10.70	18.00	18.80	18.90	18.70	1.60	2.40	0.00	0.00
10.80	17.80	18.80	18.80	18.70	1.60	2.40	0.00	0.00
10.90	17.80	18.80	18.90	18.70	1.50	2.70	0.00	0.00
11.00	17.80	18.80	18.90	18.70	1.10	2.20	0.00	0.00
11.10	17.90	18.90	18.90	18.60	1.10	2.40	0.00	0.00
11.20	17.80	18.80	18.90	18.60	1.30	2.80	0.00	0.00
11.30	17.80	18.80	18.90	18.60	1.30	2.10	0.00	0.00
11.40	17.90	18.80	18.80	18.70	1.30	2.70	0.00	0.00
11.50	17.90	18.90	18.80	18.80	1.30	2.70	0.00	0.00
11.60	17.90	18.90	18.80	18.80	1.60	2.40	0.00	0.00
11.70	17.90	18.90	18.90	18.70	1.60	2.40	0.00	0.00
11.80	16.70	18.80	18.80	18.60	3.80	3.30	0.00	0.00
11.90	16.70	18.80	18.80	18.60	3.30	3.10	0.00	0.00
12.00	18.30	18.90	18.90	18.80	3.90	3.00	0.00	0.00
12.10	18.60	18.80	18.90	18.70	4.10	3.10	0.00	0.00
12.20	18.60	18.80	18.90	18.70	3.60	3.30	0.00	0.00
12.30	18.70	18.70	18.80	18.70	3.60	3.80	0.00	0.00
12.40	18.70	18.70	18.80	18.70	3.60	3.60	0.00	0.00
12.50	18.90	18.80	18.80	18.60	3.80	3.10	0.00	0.00
12.60	19.10	18.80	19.00	18.80	3.80	3.30	0.00	0.00
12.70	19.10	18.80	19.00	18.80	3.80	3.30	0.00	0.00
12.80	19.10	18.90	18.90	18.80	4.10	3.10	0.00	0.00
12.90	18.90	18.80	18.80	18.60	3.30	3.30	0.00	0.00
13.00	18.90	18.80	18.80	18.60	3.60	3.10	0.00	0.00
13.10	19.00	19.00	19.00	18.80	3.30	3.00	0.00	0.00
13.20	18.80	18.80	18.80	18.60	3.60	3.00	0.00	0.00
13.30	18.80	18.80	18.80	18.60	3.30	3.10	0.00	0.00
13.40	19.00	18.80	18.90	18.70	3.60	3.30	0.00	0.00
13.50	18.60	18.80	18.80	18.60	3.50	3.30	0.00	0.00
13.60	18.60	18.80	18.80	18.60	3.50	3.30	0.00	0.00
13.70	18.80	18.90	19.10	18.70	3.50	3.30	0.00	0.00
13.80	18.80	18.90	18.90	18.70	3.50	3.40	0.00	0.00
13.90	18.80	18.90	18.90	18.70	3.60	3.10	0.00	0.00
14.00	18.60	18.80	18.90	18.80	3.80	3.30	0.00	0.00
14.10	18.60	18.80	18.90	18.70	3.50	3.00	0.00	0.00
14.20	18.60	18.80	18.90	18.70	3.50	3.10	0.00	0.00
14.30	18.60	18.80	18.90	18.70	3.50	3.10	0.00	0.00
14.40	18.60	18.90	18.90	18.70	3.60	3.10	0.00	0.00
14.50	18.60	18.90	18.90	18.70	3.60	3.10	0.00	0.00
14.60	18.50	18.80	19.00	18.60	3.80	3.00	0.00	0.00
14.70	18.50	18.90	18.90	18.60	3.60	3.30	0.00	0.00
14.80	18.50	18.90	18.90	18.60	3.60	3.30	0.00	0.00
14.90	18.40	18.90	18.90	18.70	3.60	3.10	0.00	0.00
15.00	18.40	18.80	19.00	18.60	3.30	2.80	0.00	0.00
15.10	18.40	18.80	19.00	18.60	4.10	3.10	0.00	0.00
15.20	18.20	18.80	18.90	18.70	3.50	3.30	0.00	0.00
15.30	18.20	18.70	18.70	18.50	3.80	3.30	0.00	0.00
15.40	18.20	18.70	18.70	18.50	3.80	3.30	0.00	0.00
15.50	18.40	18.90	18.90	18.70	3.60	3.10	0.00	0.00
15.60	18.40	18.80	18.90	18.60	3.30	3.30	2.77	0.00
15.70	18.40	18.80	18.90	18.60	3.60	2.50	38.33	0.00
15.80	18.40	18.90	18.90	18.70	3.90	3.10	40.26	0.00
15.90	18.60	18.80	18.80	18.70	4.10	3.10	45.39	0.00
16.00	18.60	18.80	18.80	18.70	4.10	3.10	50.10	0.00
16.10	18.70	18.90	18.70	18.70	2.80	3.30	50.82	0.00
16.20	18.70	18.90	18.70	18.70	3.90	3.10	50.50	0.00
16.30	18.80	18.70	18.90	18.60	3.90	3.10	50.45	0.00
16.40	19.00	19.00	18.80	18.70	4.50	3.30	50.30	0.00
16.50	19.00	19.00	18.80	18.70	5.00	3.00	50.34	0.00
16.60	18.90	18.80	18.80	18.70	5.00	3.10	50.15	0.00
16.70	19.30	18.80	18.80	18.60	5.00	3.00	49.98	0.00
16.80	19.30	18.80	18.80	18.60	5.30	3.10	49.86	0.00
16.90	19.50	18.90	18.80	18.80	5.80	2.80	49.73	0.00
17.00	19.60	18.90	18.90	18.70	5.30	3.30	49.65	0.00
17.10	19.60	18.90	18.90	18.70	5.50	3.40	49.68	0.00
17.20	19.80	18.70	18.70	18.60	5.50	3.40	49.94	0.00
17.30	19.80	18.90	18.80	18.80	5.50	3.40	50.05	0.00
17.40	19.80	18.90	18.80	18.80	6.20	3.10	50.05	0.00
17.50	20.00	18.80	18.80	18.50	6.40	3.10	50.13	0.00
17.60	20.10	18.70	18.80	18.60	6.20	3.00	50.11	0.00
17.70	20.10	18.70	18.80	18.60	6.70	3.10	50.06	0.00
17.80	20.30	18.80	18.90	18.70	6.70	3.00	49.94	0.00
17.90	20.40	18.80	19.00	18.60	6.50	3.40	49.91	0.00
18.00	20.40	18.80	19.00	18.60	6.80	3.00	49.81	0.00
18.10	20.50	18.80	18.90	18.60	7.00	3.00	49.79	0.00
18.20	20.60	18.90	18.90	18.70	7.00	3.00	49.74	0.00
18.30	20.60	18.90	18.90	18.70	7.30	2.80	49.73	0.00
18.40	20.60	18.70	18.80	18.60	7.30	2.80	49.85	0.00
18.50	20.80	18.90	18.80	18.70	6.10	3.30	50.07	0.00
18.60	20.80	18.90	18.80	18.70	7.80	3.40	50.25	0.00
18.70	20.70	18.80	18.90	18.70	8.10	2.70	50.21	0.00
18.80	20.70	18.80	18.90	18.70	8.10	3.10	50.01	0.00
18.90	20.80	18.80	18.70	18.60	8.10	3.00	49.92	0.00
19.00	20.80	18.80	18.90	18.60	8.40	3.10	49.91	0.00
19.10	20.80	18.80	18.90	18.60	8.40	3.10	49.85	0.00
19.20	21.00	18.70	18.90	18.80	8.50	3.30	49.73	0.00
19.30	20.90	18.80	18.90	18.60	8.50	3.30	49.70	0.00
19.40	20.90	18.80	18.90	18.60	9.00	2.80	49.70	0.00
19.50	21.00	18.80	18.90	18.60	9.60	3.10	49.65	0.00
19.60	21.00	18.80	18.90	18.60	8.80	3.10	49.74	0.00
19.70	21.20	18.80	18.90	18.60	8.80	3.30	49.65	0.00
19.80	21.40	18.90	18.80	18.80	9.50	3.10	49.68	0.00
19.90	21.40	18.90	18.80	18.80	9.90	3.10	49.68	0.00
20.00	21.30	18.80	18.90	18.70	10.10	3.10	49.66	0.00
20.10	21.40	18.80	19.00	18.60	10.10	3.10	49.70	0.00
20.20	21.40	18.80	19.00	18.60	9.60	3.10	49.76	0.00
20.30	21.30	18.80	18.80	18.70	9.90	2.70	49.74	0.00
20.40	21.30	18.80	18.80	18.70	10.10	3.10	49.76	0.00
20.50	21.40	18.80	18.80	18.60	9.50	3.40	50.01	0.00
20.60	21.30	18.80	18.80	18.60	10.50	3.30	50.45	0.00
20.70	21.30	18.80	18.80	18.60	10.80	2.80	50.47	0.00
20.80	21.40	18.80	18.80	18.70	10.40	3.10	50.45	0.00
20.90	21.60	18.90	18.80	18.60	10.20	3.00	50.36	0.00
21.00	21.60	18.90	18.80	18.60	10.70	3.00	50.34	0.00
21.10	21.70	18.80	18.90	18.70	10.70	3.00	50.30	0.00
21.20	21.70	18.80	18.90	18.70	11.60	3.10	50.27	0.00
21.30	21.60	18.70	18.70	18.60	11.50	2.70	50.20	0.00
21.40	21.80	18.90	19.00	18.60	11.20	2.80	50.19	0.00
21.50	21.80	18.90	19.00	18.60	11.60	2.80	50.18	0.00
21.60	21.80	18.80	18.90	18.70	11.80	3.40	50.11	0.00
21.70	21.80	18.80	18.80	18.60	12.10	3.60	50.12	0.00
21.80	21.80	18.80	18.80	18.60	11.90	3.10	50.06	0.00
21.90	21.80	18.60	18.70	18.60	12.10	3.10	50.05	0.00
22.00	21.80	18.60	18.70	18.60	12.10	3.10	50.01	0.00
22.10	21.80	18.90	18.90	18.70	12.20	3.10	50.02	0.00
22.20	21.80	18.80	18.80	18.60	12.70	3.30	49.99	0.00
22.30	21.80	18.80	18.80	18.60	12.50	3.00	49.98	0.00
22.40	21.90	18.90	18.80	18.60	12.40	3.10	49.96	0.00
22.50	21.80	18.90	18.90	18.80	12.70	3.00	49.93	0.00
22.60	21.80	18.90	18.90	18.80	12.10	3.30	49.89	0.00
22.70	21.90	18.80	18.90	18.50	13.20	2.50	49.89	0.00
22.80	22.00	18.90	19.00	18.70	13.50	3.30	49.91	0.00
22.90	22.00	18.90	19.00	18.70	13.50	3.40	49.88	0.00
23.00	21.90	18.80	18.80	18.60	13.50	3.40	49.81	0.00
23.10	21.90	18.80	18.80	18.60	13.80	3.00	49.79	0.00
23.20	22.10	18.80	19.00	18.70	13.90	3.10	49.81	0.00
23.30	22.00	18.80	18.90	18.60	13.80	3.10	49.78	0.00
23.40	22.00	18.80	18.90	18.60	13.90	2.80	49.78	0.00
23.50	22.00	18.90	18.90	18.70	14.70	3.00	49.82	0.00
23.60	22.00	18.90	18.90	18.70	14.50	3.00	49.78	0.00
23.70	22.10	18.80	18.90	18.70	14.50	3.40	49.72	0.00
23.80	22.20	18.80	18.80	18.70	14.70	3.00	49.76	0.00
23.90	22.20	18.80	18.80	18.70	14.70	3.00	49.69	0.00
24.00	22.20	18.90	19.00	18.70	14.70	3.00	49.70	0.00
24.10	22.10	18.80	18.80	18.60	14.70	3.10	49.70	0.00
24.20	22.10	18.80	18.80	18.60	14.80	3.10	49.68	0.00
24.30	22.10	18.80	18.90	18.60	15.30	3.10	49.70	0.00
24.40	22.20	18.80	18.80	18.60	15.00	3.10	49.68	0.00
24.50	22.20	18.80	18.80	18.60	16.40	3.40	49.69	0.00
24.60	22.30	18.80	18.90	18.70	15.60	3.10	49.68	0.00
24.70	22.30	18.80	18.90	18.70	15.80	3.10	49.66	0.00
24.80	22.20	18.80	19.00	18.60	16.10	2.70	49.70	0.00
24.90	22.30	18.90	18.90	18.70	16.10	2.70	49.69	0.00
25.00	22.30	18.90	18.90	18.70	16.50	3.10	49.76	0.00
25.10	22.30	18.80	18.90	18.50	15.90	3.10	49.72	0.00
25.20	22.30	18.80	18.90	18.60	17.00	3.90	49.74	0.00
25.30	22.30	18.80	18.90	18.60	16.40	3.30	49.82	0.00
25.40	22.50	18.90	18.90	18.80	16.50	3.00	49.85	0.00
25.50	22.40	18.90	18.80	18.70	17.00	1.10	50.15	0.00
25.60	22.40	18.90	18.80	18.70	17.00	3.00	50.39	0.00
25.70	22.40	18.90	18.80	18.70	17.20	3.00	50.36	0.00
25.80	22.50	18.70	18.90	18.70	17.20	3.00	50.33	0.00
25.90	22.50	18.70	18.90	18.70	17.50	3.00	50.27	0.00
26.00	22.50	18.90	18.90	18.80	17.80	3.00	50.23	0.00
26.10	22.50	18.90	18.90	18.80	17.20	3.30	50.21	0.00
26.20	22.50	18.90	18.90	18.70	17.80	2.80	50.15	0.00
26.30	22.40	18.80	18.80	18.60	18.10	2.80	50.18	0.00
26.40	22.40	18.80	18.80	18.60	17.90	3.30	50.12	0.00
26.50	22.50	18.90	18.70	18.60	18.10	3.30	50.10	0.00
26.60	22.50	18.90	18.70	18.60	18.10	3.40	50.13	0.00
26.70	22.50	18.70	18.80	18.60	18.20	2.80	50.02	0.00
26.80	22.60	18.90	19.00	18.60	18.20	2.80	49.99	0.00
26.90	22.60	18.90	19.00	18.60	18.50	3.10	50.00	0.00
27.00	22.40	18.80	18.80	18.60	19.00	3.10	49.95	0.00
27.10	22.70	18.80	18.90	18.70	18.80	3.00	49.94	0.00
27.20	22.70	18.80	18.90	18.70	19.50	3.30	49.94	0.00
27.30	22.70	18.90	19.00	18.80	19.20	2.80	49.89	0.00
27.40	22.70	18.80	18.80	18.70	19.50	3.40	49.89	0.00
27.50	22.70	18.80	18.80	18.70	19.20	3.10	49.87	0.00
27.60	22.70	18.80	18.80	18.70	19.90	3.30	49.85	0.00
27.70	22.70	18.70	18.90	18.60	19.90	3.30	49.78	0.00
27.80	22.70	18.70	18.90	18.60	19.80	2.70	49.78	0.00
27.90	22.80	18.80	18.80	18.60	20.40	3.00	49.78	0.00
28.00	22.60	18.70	18.80	18.50	20.10	3.60	49.78	0.00
28.10	22.60	18.70	18.80	18.50	20.40	2.80	49.74	0.00
28.20	22.80	18.90	18.90	18.70	20.10	3.00	49.76	0.00
28.30	22.80	18.80	18.90	18.70	20.40	2.80	49.75	0.00
28.40	22.80	18.80	18.90	18.70	20.50	3.00	49.73	0.00
28.50	22.60	18.60	18.70	18.50	20.70	3.00	49.73	0.00
28.60	22.70	18.80	18.80	18.60	20.70	3.00	49.72	0.00
28.70	22.70	18.80	18.80	18.60	20.40	3.40	49.74	0.00
28.80	22.90	18.80	18.80	18.70	21.30	2.80	49.68	0.00
28.90	22.90	18.80	18.80	18.70	21.30	3.10	49.72	0.00
29.00	22.90	18.90	18.80	18.70	21.80	3.40	49.73	0.00
29.10	22.80	18.70	18.90	18.70	21.30	3.30	49.74	0.00
29.20	22.80	18.70	18.90	18.70	21.60	2.70	49.78	0.00
29.30	22.70	18.80	18.90	18.60	21.60	3.00	49.85	0.00
29.40	22.90	18.80	18.90	18.70	21.90	3.30	49.85	0.00
29.50	22.90	18.80	18.90	18.70	22.20	2.80	50.14	0.00
29.60	22.90	18.90	18.90	18.70	22.20	2.80	50.27	0.00
29.70	23.00	18.80	18.80	18.70	22.40	3.00	50.32	0.00
29.80	23.00	18.80	18.80	18.70	22.70	3.10	50.28	0.00
29.90	22.90	18.80	18.90	18.60	22.50	3.10	50.20	0.00
30.00	23.00	18.90	18.80	18.70	23.00	3.30	50.19	0.00
30.10	23.00	18.90	18.80	18.70	23.00	3.10	50.14	0.00
30.20	23.10	18.90	19.00	18.70	23.00	3.00	50.13	0.00
30.30	23.00	18.80	18.70	18.70	23.50	2.80	50.07	0.00
30.40	23.00	18.80	18.70	18.70	23.80	3.00	50.05	0.00
30.50	23.00	18.70	18.90	18.60	23.60	2.50	50.04	0.00
30.60	23.00	18.80	18.80	18.60	23.60	2.50	49.99	0.00
30.70	23.00	18.80	18.80	18.60	23.60	3.30	49.94	0.00
30.80	23.10	18.80	18.80	18.60	23.60	3.00	49.98	0.00
30.90	23.10	18.70	18.80	18.70	23.90	3.40	49.92	0.00
31.00	23.10	18.70	18.80	18.70	23.50	3.10	49.88	0.00
31.10	23.10	18.90	18.90	18.60	24.20	2.80	49.86	0.00
31.20	23.00	18.70	18.80	18.50	23.80	3.00	49.87	0.00
31.30	23.00	18.70	18.80	18.50	24.90	3.30	49.85	0.00
31.40	23.10	18.70	18.80	18.70	24.40	3.10	49.81	0.00
31.50	23.10	18.70	18.80	18.70	24.40	3.10	49.79	0.00
31.60	23.30	18.90	19.10	18.80	24.50	3.40	49.80	0.00
31.70	23.10	18.80	18.80	18.60	24.70	3.10	49.75	0.00
31.80	23.10	18.80	18.80	18.60	24.70	3.10	49.76	0.00
31.90	23.20	18.80	19.00	18.60	25.20	3.10	49.78	0.00
32.00	23.10	18.80	18.80	18.60	25.50	3.40	49.69	0.00
32.10	23.10	18.80	18.80	18.60	25.80	3.60	49.78	0.00
32.20	23.20	18.70	18.90	18.60	26.50	3.00	49.70	0.00
32.30	23.20	18.80	18.90	18.60	25.60	2.80	49.79	0.00
32.40	23.20	18.80	18.90	18.60	25.60	2.80	49.79	0.00
32.50	23.10	18.80	18.90	18.70	25.90	3.00	49.85	0.00
32.60	23.20	18.80	18.90	18.70	26.10	3.30	49.88	0.00
32.70	23.20	18.80	18.90	18.70	26.40	2.80	49.89	0.00
32.80	23.20	18.80	18.90	18.70	26.10	2.80	50.19	0.00
32.90	23.20	18.70	18.80	18.60	26.20	3.30	50.31	0.00
33.00	23.20	18.70	18.80	18.60	26.40	3.10	50.28	0.00
33.10	23.20	18.80	18.90	18.70	26.90	3.30	50.24	0.00
33.20	23.20	18.80	18.90	18.70	26.90	3.10	50.20	0.00
33.30	23.20	18.70	18.90	18.50	26.90	3.10	50.17	0.00
33.40	23.20	18.80	18.80	18.60	26.90	3.10	50.14	0.00
33.50	23.20	18.80	18.80	18.60	27.30	3.40	50.06	0.00
33.60	23.30	19.00	18.90	18.70	27.60	3.00	50.08	0.00
33.70	23.50	18.80	18.90	18.70	27.60	3.10	50.00	0.00
33.80	23.50	18.80	18.90	18.70	27.60	3.00	50.02	0.00
33.90	23.30	18.70	18.80	18.60	27.90	3.00	49.98	0.00
34.00	23.40	18.80	18.90	18.70	27.80	3.10	49.93	0.00
34.10	23.40	18.80	18.90	18.70	27.90	3.30	49.91	0.00
34.20	23.40	18.80	19.00	18.80	28.20	3.40	49.93	0.00
34.30	23.40	18.80	19.00	18.80	28.20	3.40	49.88	0.00
34.40	23.30	18.80	18.80	18.70	28.50	2.80	49.87	0.00
34.50	23.20	18.80	18.80	18.60	29.20	2.80	49.82	0.00
34.60	23.30	18.80	18.90	18.70	28.70	3.10	49.82	0.00
34.70	23.30	18.80	18.90	18.70	28.70	3.10	49.81	0.00
34.80	23.40	18.90	18.90	18.70	29.30	3.10	49.78	0.00
34.90	23.40	18.90	18.90	18.70	29.20	3.40	49.79	0.00
35.00	23.50	18.80	19.00	18.80	29.30	2.80	49.75	0.00
35.10	23.30	18.70	18.90	18.60	29.20	2.40	49.74	0.00
35.20	23.30	18.70	18.90	18.60	29.20	2.40	49.79	0.00
35.30	23.30	18.70	18.90	18.70	29.80	3.30	49.76	0.00
35.40	23.50	18.80	18.90	18.70	29.60	3.10	49.86	0.00
35.50	23.50	18.80	18.90	18.70	30.20	3.30	49.88	0.00
35.60	23.50	18.80	18.90	18.70	30.10	3.30	49.91	0.00
35.70	23.50	18.90	18.90	18.70	30.20	2.80	49.89	0.00
35.80	23.50	18.90	18.90	18.70	30.10	3.10	49.83	0.00
35.90	23.50	18.90	18.90	18.80	30.60	3.00	49.91	0.00
36.00	23.30	18.80	18.90	18.60	30.40	3.10	49.91	0.00
36.10	23.30	18.80	18.90	18.60	30.40	3.10	49.85	0.00
36.20	23.50	18.80	19.00	18.70	30.70	3.10	50.08	0.00
36.30	23.40	18.90	19.00	18.60	31.20	3.00	50.23	0.00
36.40	23.40	18.90	19.00	18.60	31.20	3.30	50.24	0.00
36.50	23.40	18.80	18.90	18.60	31.30	3.00	50.14	0.00
36.60	23.50	18.70	18.90	18.70	31.20	3.10	50.15	0.00
36.70	23.50	18.70	18.90	18.70	31.80	3.40	50.11	0.00
36.80	23.40	18.70	18.90	18.60	31.80	3.10	50.07	0.00
36.90	23.40	18.80	18.90	18.60	31.30	2.70	50.00	0.00
37.00	23.40	18.80	18.90	18.60	31.80	2.80	50.00	0.00
37.10	23.40	18.80	18.80	18.70	31.80	2.80	49.96	0.00
37.20	23.40	18.80	18.80	18.70	32.10	3.10	49.96	0.00
37.30	23.60	18.90	19.00	18.70	32.40	3.00	49.93	0.00
37.40	23.60	18.80	19.00	18.70	32.20	3.10	49.91	0.00
37.50	23.50	18.80	18.80	18.70	32.40	3.10	49.92	0.00
37.60	23.50	18.80	18.80	18.70	32.70	3.10	49.87	0.00
37.70	23.40	18.70	18.90	18.60	32.60	2.80	49.86	0.00
37.80	23.50	18.80	19.00	18.80	32.70	3.40	49.83	0.00
37.90	23.50	18.80	19.00	18.80	33.20	2.80	49.80	0.00
38.00	23.50	18.70	18.80	18.60	33.20	2.80	49.81	0.00
38.10	23.50	18.70	18.90	18.60	33.20	3.10	49.78	0.00
38.20	23.50	18.70	18.90	18.60	33.20	2.80	49.85	0.00
38.30	23.60	18.90	19.00	18.70	33.80	3.10	49.81	0.00
38.40	23.60	18.90	18.90	18.70	33.60	3.00	49.83	0.00
38.50	23.60	18.90	18.90	18.70	34.10	3.10	49.94	0.00
38.60	23.60	18.70	18.80	18.70	34.20	3.00	50.10	0.00
38.70	23.60	18.70	18.80	18.70	34.60	2.80	50.12	0.00
38.80	23.50	18.80	18.90	18.60	34.10	3.00	50.06	0.00
38.90	23.60	18.80	18.80	18.70	34.10	3.00	50.04	0.00
39.00	23.60	18.80	18.80	18.70	34.70	3.10	50.00	0.00
39.10	23.50	18.70	18.80	18.60	34.70	3.10	50.00	0.00
39.20	23.60	18.80	18.90	18.60	35.00	3.10	49.91	0.00
39.30	23.60	18.80	18.90	18.60	34.60	2.80	49.93	0.00
39.40	23.70	18.80	18.90	18.70	35.90	3.10	49.86	0.00
39.50	23.60	18.80	18.80	18.60	35.00	3.00	49.87	0.00
39.60	23.60	18.80	18.80	18.60	35.60	3.00	49.83	0.00
39.70	23.70	18.80	18.90	18.80	35.30	3.00	49.79	0.00
39.80	23.80	18.90	18.90	18.60	35.30	3.00	49.79	0.00
39.90	23.80	18.90	18.90	18.60	35.80	3.10	49.78	0.00
40.00	23.80	18.80	18.80	18.70	35.80	3.10	49.79	0.00
40.10	23.80	18.80	18.80	18.70	36.20	2.80	49.83	0.00
40.20	23.70	18.80	18.80	18.60	36.20	3.10	49.81	0.00
40.30	23.60	18.80	18.90	18.70	35.90	2.80	49.87	0.00
40.40	23.60	18.80	18.90	18.70	36.20	3.00	49.93	0.00
40.50	23.70	18.80	19.00	18.70	36.20	3.00	50.07	0.00
40.60	23.60	18.80	18.80	18.60	36.40	3.00	50.23	0.00
40.70	23.60	18.80	18.80	18.60	36.60	3.40	50.23	0.00
40.80	23.70	18.70	18.80	18.60	36.60	3.40	50.18	0.00
40.90	23.50	18.70	19.00	18.60	36.90	3.00	50.12	0.00
41.00	23.50	18.70	19.00	18.60	37.30	2.70	50.06	0.00
41.10	23.60	18.70	18.80	18.70	37.20	3.00	50.02	0.00
41.20	23.70	18.70	18.80	18.60	37.60	3.10	50.00	0.00
41.30	23.70	18.70	18.80	18.60	37.60	2.50	49.93	0.00
41.40	23.70	18.90	18.90	18.70	37.90	3.00	49.94	0.00
41.50	23.70	18.80	18.80	18.70	37.90	3.00	49.93	0.00
41.60	23.70	18.80	18.80	18.70	37.90	3.10	49.88	0.00
41.70	23.80	18.90	18.80	18.70	37.90	3.10	49.86	0.00
41.80	23.70	18.70	18.90	18.80	38.20	3.10	49.85	0.00
41.90	23.70	18.70	18.90	18.80	38.40	2.70	49.82	0.00
42.00	23.80	18.80	18.90	18.60	38.20	2.80	49.82	0.00
42.10	23.50	18.70	18.80	18.60	38.70	3.00	49.83	0.00
42.20	23.50	18.70	18.80	18.60	39.00	3.10	49.80	0.00
42.30	23.60	18.80	19.00	18.70	39.00	2.80	49.86	0.00
42.40	23.70	18.70	18.90	18.60	38.90	3.40	49.86	0.00
42.50	23.70	18.70	18.90	18.60	38.70	3.40	49.92	0.00
42.60	23.70	18.80	19.00	18.60	38.70	3.40	49.89	0.00
42.70	23.70	18.70	18.70	18.70	39.20	2.80	49.92	0.00
42.80	23.70	18.70	18.70	18.70	39.60	3.00	49.91	0.00
42.90	23.80	18.80	18.90	18.70	39.30	2.80	49.99	0.00
43.00	23.70	18.80	18.70	18.60	39.80	2.80	50.01	0.00
43.10	23.70	18.80	18.70	18.60	39.50	3.30	47.82	0.00
43.20	23.80	18.80	18.80	18.70	39.50	2.80	47.98	0.00
43.30	23.60	18.70	18.90	18.60	39.90	3.80	48.06	0.00
43.40	23.60	18.70	18.90	18.60	39.00	3.30	48.07	0.00
43.50	23.70	18.80	19.00	18.70	39.00	3.30	48.27	0.00
43.60	23.40	18.80	18.90	18.70	39.50	3.00	47.99	0.00
43.70	23.40	18.80	18.90	18.70	39.60	3.10	45.47	0.00
43.80	23.40	18.70	18.90	18.70	39.50	3.00	38.15	0.00
43.90	23.40	18.70	18.90	18.70	39.50	2.70	17.42	0.00
44.00	23.20	18.80	18.90	18.70	39.30	3.10	12.67	0.00
44.10	23.10	18.70	18.90	18.60	39.50	3.30	10.02	0.00
44.20	23.10	18.70	18.90	18.60	39.50	3.30	8.22	0.00
44.30	23.00	18.60	18.90	18.70	39.50	3.40	6.70	0.00
44.40	23.00	18.70	18.90	18.70	39.50	3.40	5.51	0.00
44.50	23.00	18.70	18.90	18.70	39.20	3.10	4.62	0.00
44.60	22.80	18.70	18.90	18.60	39.20	3.10	3.94	0.00
44.70	22.60	18.80	18.80	18.60	39.50	3.10	3.42	0.00
44.80	22.60	18.80	18.80	18.60	39.30	3.10	2.96	0.00
44.90	22.60	18.70	18.80	18.70	39.20	3.10	2.65	0.00
45.00	22.50	18.70	18.80	18.60	39.20	3.00	2.33	0.00
45.10	22.50	18.70	18.80	18.60	39.20	3.00	2.10	0.00
45.20	22.50	18.80	18.90	18.70	39.00	3.10	1.86	0.00
45.30	22.40	18.80	18.90	18.70	39.50	3.10	1.73	0.00
45.40	22.40	18.80	18.90	18.70	39.50	3.10	1.53	0.00
45.50	22.40	18.90	18.90	18.80	38.90	3.10	1.42	0.00
45.60	22.40	18.90	18.90	18.80	39.00	3.00	1.28	0.00
45.70	22.40	18.80	19.00	18.70	39.50	3.00	1.21	0.00
45.80	22.40	18.90	19.00	18.70	39.20	2.80	1.09	0.00
45.90	22.40	18.90	19.00	18.70	38.70	3.40	1.01	0.00
46.00	22.20	18.80	18.90	18.60	39.30	3.00	0.91	0.00
46.10	22.10	18.80	18.80	18.60	38.90	3.30	0.85	0.00
46.20	22.10	18.80	18.80	18.60	39.20	3.40	0.78	0.00
46.30	22.20	18.70	19.00	18.70	39.00	3.10	0.75	0.00
46.40	22.10	18.80	19.00	18.70	39.20	3.80	0.67	0.00
46.50	22.10	18.80	19.00	18.70	39.30	3.10	0.64	0.00
46.60	22.20	18.90	18.90	18.70	38.90	2.80	0.60	0.00
46.70	22.20	18.90	18.90	18.70	39.20	2.70	0.58	0.00
46.80	22.00	18.80	18.80	18.70	39.00	2.70	0.54	0.00
46.90	21.80	18.60	18.80	18.60	38.90	3.10	0.52	0.00
47.00	21.80	18.60	18.80	18.60	38.90	3.00	0.49	0.00
47.10	22.00	18.90	19.00	18.70	38.90	3.00	0.45	0.00
47.20	22.00	19.00	19.20	19.00	38.90	3.00	0.43	0.00
47.30	22.00	19.00	19.20	19.00	39.20	3.10	0.41	0.00
47.40	21.70	18.80	18.90	18.60	38.90	3.00	0.39	0.00
47.50	21.70	18.80	18.90	18.80	38.90	3.00	0.39	0.00
47.60	21.70	18.80	18.90	18.80	39.20	3.60	0.39	0.00
47.70	21.90	18.90	19.00	18.90	39.20	2.80	0.37	0.00
47.80	21.90	18.90	19.00	18.90	39.50	3.00	0.37	0.00
47.90	21.90	18.90	19.00	18.70	39.30	3.00	0.36	0.00
48.00	21.80	18.90	19.10	18.60	39.00	2.80	0.36	0.00
48.10	21.80	18.90	19.10	18.60	39.00	2.80	0.31	0.00
48.20	21.70	18.70	18.90	18.70	39.30	3.00	0.30	0.00
48.30	21.70	18.60	18.90	18.60	39.30	3.00	0.30	0.00
48.40	21.70	18.60	18.90	18.60	39.00	3.40	0.31	0.00
48.50	21.70	18.80	19.00	18.70	39.30	3.00	0.31	0.00
48.60	21.60	18.80	18.80	18.70	39.00	3.40	0.37	0.00
48.70	21.60	18.80	18.80	18.70	38.90	3.30	0.75	0.00
48.80	21.60	18.80	19.00	18.70	39.00	2.70	0.46	0.00
48.90	21.60	18.80	19.00	18.70	39.60	3.10	0.34	0.00
49.00	21.60	18.90	19.00	18.70	39.60	3.10	0.41	0.00
49.10	21.50	18.70	18.90	18.60	39.00	3.10	0.24	0.00
49.20	21.50	18.70	18.90	18.60	38.90	3.00	0.39	0.00
49.30	21.50	18.70	19.00	18.70	39.30	3.00	0.14	0.00
49.40	21.50	18.80	19.00	18.70	38.70	2.80	0.15	0.00
49.50	21.50	18.80	19.00	18.70	38.90	3.10	0.21	0.00
49.60	21.50	18.70	18.90	18.60	38.90	2.80	0.36	0.00
49.70	21.50	18.70	18.90	18.70	39.20	3.00	0.31	0.00
49.80	21.50	18.70	18.90	18.70	39.00	3.00	0.08	0.00
49.90	21.60	18.80	18.90	18.70	38.70	3.00	0.14	0.00
50.00	21.50	18.80	18.90	18.70	38.70	3.00	0.25	0.00
50.10	21.50	18.80	18.90	18.70	39.50	3.00	0.27	0.00
50.20	21.60	18.80	19.10	18.70	38.70	2.70	0.19	0.00
50.30	21.50	18.90	19.00	18.60	39.00	3.10	0.19	0.00
50.40	21.50	18.90	19.00	18.60	38.90	3.00	0.15	0.00
50.50	21.30	18.90	18.90	18.70	38.20	3.30	0.19	0.00
50.60	21.50	18.70	18.90	18.60	39.20	3.40	0.19	0.00
50.70	21.50	18.70	18.90	18.60	39.20	3.10	0.24	0.00
50.80	21.30	18.70	18.90	18.70	38.70	2.80	0.36	0.00
50.90	21.50	18.80	19.00	18.70	38.70	2.80	0.27	0.00
51.00	21.50	18.80	19.00	18.70	38.90	3.00	0.27	0.00
51.10	21.30	18.80	18.90	18.60	38.90	3.30	0.25	0.00
51.20	21.30	18.80	18.90	18.60	38.60	3.00	0.30	0.00
51.30	21.20	18.80	18.80	18.60	39.00	2.70	0.27	0.00
51.40	21.30	18.70	18.80	18.70	38.90	3.10	0.27	0.00
51.50	21.30	18.70	18.80	18.70	38.90	2.80	0.27	0.00
51.60	21.30	18.80	18.90	18.70	39.20	3.10	0.27	0.00
51.70	21.30	18.90	19.00	18.70	39.00	3.00	0.27	0.00
51.80	21.30	18.90	19.00	18.70	38.70	3.00	0.27	0.00
51.90	21.30	18.80	18.90	18.70	38.70	3.00	0.30	0.00
52.00	21.10	18.80	18.90	18.50	38.90	2.80	0.30	0.00
52.10	21.10	18.80	18.90	18.50	39.30	2.50	0.24	0.00
52.20	21.30	18.80	18.90	18.80	37.30	3.30	0.25	0.00
52.30	21.20	18.90	19.00	18.60	38.70	2.80	0.27	0.00
52.40	21.20	18.90	19.00	18.60	38.70	3.00	0.25	0.00
52.50	21.20	18.80	18.80	18.70	38.90	3.00	0.27	0.00
52.60	21.20	18.80	18.80	18.70	39.60	3.10	0.27	0.00
52.70	21.30	18.80	18.90	18.60	39.20	3.10	0.27	0.00
52.80	21.20	18.90	19.00	18.80	39.00	3.00	0.30	0.00
52.90	21.20	18.90	19.00	18.80	39.00	3.00	0.30	0.00
53.00	21.20	18.90	18.90	18.70	38.90	3.30	0.27	0.00
53.10	21.20	18.70	18.90	18.60	39.30	2.40	0.30	0.00
53.20	21.20	18.70	18.90	18.60	39.00	3.10	0.30	0.00
53.30	21.10	18.80	18.80	18.70	38.90	3.10	0.30	0.00
53.40	21.10	18.80	18.90	18.60	39.30	3.30	0.30	0.00
53.50	21.10	18.80	18.90	18.60	39.20	3.00	0.27	0.00
53.60	21.00	18.70	18.90	18.60	39.30	3.30	0.30	0.00
53.70	21.10	18.80	18.90	18.60	38.90	3.10	0.30	0.00
53.80	21.10	18.80	18.90	18.60	38.90	3.10	0.31	0.00
53.90	21.10	18.80	18.90	18.70	39.20	1.40	0.30	0.00
54.00	21.10	18.90	19.00	18.70	39.00	3.00	0.31	0.00
54.10	21.10	18.90	19.00	18.70	39.00	3.10	0.30	0.00
54.20	21.00	18.70	18.90	18.60	38.90	3.00	0.31	0.00
54.30	21.10	18.80	18.80	18.60	39.20	3.00	0.31	0.00
54.40	21.10	18.80	18.80	18.60	38.90	3.10	0.30	0.00
54.50	21.00	18.70	18.90	18.60	39.20	3.00	0.31	0.00
54.60	21.00	18.80	18.90	18.70	39.20	2.80	0.30	0.00
54.70	21.00	18.80	18.90	18.70	38.90	3.00	0.31	0.00
54.80	20.90	18.80	18.90	18.70	38.90	3.00	0.30	0.00
54.90	21.00	18.70	18.80	18.60	38.70	3.00	0.31	0.00
55.00	21.00	18.70	18.80	18.60	39.20	3.10	0.30	0.00
55.10	21.00	18.80	18.90	18.70	39.00	3.40	0.30	0.00
55.20	21.00	18.80	18.90	18.70	39.00	3.00	0.34	0.00
55.30	21.10	18.70	18.90	18.60	39.00	3.30	0.31	0.00
55.40	21.00	18.70	18.90	18.70	39.00	3.00	0.31	0.00
55.50	21.00	18.70	18.90	18.70	38.90	3.00	0.30	0.00
55.60	21.00	18.80	18.80	18.70	38.90	3.00	0.34	0.00
55.70	20.90	18.80	18.90	18.60	38.90	3.00	0.31	0.00
55.80	20.90	18.80	18.90	18.60	38.90	2.10	0.06	0.00
55.90	21.00	18.90	18.90	18.70	39.20	3.40	0.09	0.00
56.00	21.00	18.90	18.90	18.70	39.60	3.10	0.08	0.00
56.10	20.90	18.90	18.90	18.70	39.20	3.00	0.09	0.00
56.20	20.90	18.80	18.90	18.70	39.00	2.80	0.09	0.00
56.30	20.90	18.80	18.90	18.70	38.90	2.80	0.08	0.00
56.40	20.90	18.90	19.00	18.70	39.30	3.10	0.09	0.00
56.50	20.90	18.80	18.90	18.70	39.00	3.30	0.06	0.00
56.60	20.90	18.80	18.90	18.70	39.00	3.30	0.07	0.00
56.70	20.90	18.80	19.00	18.70	39.00	3.30	0.12	0.00
56.80	20.90	18.80	18.90	18.60	39.00	2.80	0.00	0.00
56.90	20.90	18.80	18.90	18.60	37.80	3.30	0.00	0.00
57.00	20.90	18.80	19.00	18.60	38.70	3.00	0.00	0.00
57.10	20.90	18.80	18.80	18.70	38.60	2.80	0.00	0.00
57.20	20.90	18.80	18.80	18.70	39.00	3.10	0.00	0.00
57.30	20.70	18.70	18.90	18.60	39.00	2.70	0.00	0.00
57.40	20.90	18.70	18.90	18.70	38.90	2.80	0.00	0.00
57.50	20.90	18.70	18.90	18.70	39.60	3.30	0.00	0.00
57.60	20.80	18.80	18.80	18.80	39.60	3.30	0.00	0.00
57.70	20.80	18.80	18.90	18.60	38.70	3.10	0.00	0.00
57.80	20.80	18.80	18.90	18.60	39.20	2.70	0.00	0.00
57.90	20.80	18.70	18.80	18.60	39.00	2.80	0.00	0.00
58.00	20.60	18.80	18.80	18.60	39.30	2.80	0.00	0.00
58.10	20.60	18.80	18.80	18.60	39.30	3.10	0.00	0.00
58.20	20.80	18.70	18.80	18.60	39.30	3.10	0.00	0.00
58.30	20.70	18.70	18.90	18.60	38.90	3.30	0.00	0.00
58.40	20.70	18.70	18.90	18.60	38.90	3.00	0.00	0.00
58.50	20.70	18.80	19.10	18.70	38.90	3.00	0.00	0.00
58.60	20.70	18.80	19.10	18.70	38.90	3.00	0.00	0.00
58.70	20.80	18.80	18.90	18.70	39.00	3.40	0.00	0.00
58.80	20.80	18.80	18.80	18.60	38.90	2.70	0.00	0.00
58.90	20.60	18.70	18.90	18.70	38.90	2.80	0.00	0.00
59.00	20.60	18.70	18.90	18.70	39.00	1.90	0.00	0.00
59.10	20.70	18.90	19.00	18.70	39.20	3.00	0.00	0.00
59.20	20.70	18.90	19.00	18.70	39.00	3.80	0.00	0.00
59.30	20.70	18.80	19.00	18.80	38.90	3.00	0.00	0.00
59.40	20.70	18.80	19.00	18.80	38.90	3.00	0.00	0.00
59.50	20.70	18.80	19.00	18.80	37.60	3.60	0.00	0.00
59.60	20.70	18.80	18.90	18.60	39.00	3.00	0.00	0.00
59.70	20.70	18.70	18.90	18.70	38.40	2.80	0.00	0.00
59.80	20.70	18.70	18.90	18.70	39.20	3.10	0.00	0.00
59.90	20.60	18.60	18.80	18.50	38.90	3.30	0.00	0.00
60.00	20.60	18.80	19.00	18.70	39.00	3.00	0.00	0.00
60.10	20.60	18.80	19.00	18.70	39.00	3.10	0.00	0.00
60.20	20.60	18.70	18.90	18.60	39.00	2.70	0.00	0.00
60.30	20.60	18.70	18.90	18.60	39.00	2.70	0.00	0.00
60.40	20.60	18.80	18.80	18.60	39.30	3.30	0.00	0.00
60.50	20.60	18.80	18.90	18.70	39.00	3.10	0.00	0.00
60.60	20.60	18.80	18.90	18.70	36.90	3.30	0.00	0.00
60.70	20.60	18.80	18.90	18.80	38.60	2.80	0.00	0.00
60.80	20.60	18.80	18.80	18.70	39.00	3.10	0.00	0.00
60.90	20.60	18.80	18.80	18.70	38.10	3.60	0.00	0.00
61.00	20.70	18.90	19.00	18.80	39.30	3.40	0.00	0.00
61.10	20.70	18.90	19.00	18.80	39.00	2.80	0.00	0.00
61.20	20.60	18.70	18.90	18.70	38.90	2.70	0.00	0.00
61.30	20.50	18.70	18.80	18.60	38.90	2.70	0.00	0.00
61.40	20.50	18.70	18.80	18.60	39.00	2.70	0.00	0.00
61.50	20.60	18.70	18.90	18.60	39.20	3.30	0.00	0.00
61.60	20.60	18.80	18.90	18.70	39.30	3.40	0.00	0.00
61.70	20.60	18.80	18.90	18.70	38.60	3.10	0.00	0.00
61.80	20.60	18.80	18.90	18.70	38.90	3.00	0.00	0.00
61.90	20.50	18.80	18.90	18.70	38.90	3.00	0.00	0.00
62.00	20.50	18.80	18.90	18.70	38.70	2.80	0.00	0.00
62.10	20.80	18.90	18.90	18.90	38.60	2.70	0.00	0.00
62.20	20.60	18.90	19.00	18.70	39.00	3.40	0.00	0.00
62.30	20.60	18.90	19.00	18.70	39.00	3.40	0.00	0.00
62.40	20.60	18.80	19.00	18.80	38.90	3.10	0.00	0.00
62.50	20.50	18.80	18.90	18.70	38.70	3.30	0.00	0.00
62.60	20.50	18.80	18.90	18.70	39.00	3.40	0.00	0.00
62.70	20.50	18.80	18.90	18.80	39.00	3.10	0.00	0.00
62.80	20.50	18.80	18.90	18.60	38.60	3.10	0.00	0.00
62.90	20.50	18.80	18.90	18.60	39.20	2.80	0.00	0.00
63.00	20.40	18.80	18.90	18.60	38.90	2.70	0.00	0.00
63.10	20.40	18.80	18.90	18.60	39.20	3.00	0.00	0.00
63.20	20.60	18.80	18.90	18.60	39.20	3.30	0.00	0.00
63.30	20.50	18.90	19.00	18.70	39.20	3.30	0.00	0.00
63.40	20.50	18.90	19.00	18.70	39.00	2.70	0.00	0.00
63.50	20.40	18.70	18.90	18.60	38.90	2.80	0.00	0.00
63.60	20.50	18.80	19.00	18.60	38.90	3.30	0.00	0.00
63.70	20.50	18.80	19.00	18.60	39.00	3.30	0.00	0.00
63.80	20.50	18.90	19.00	18.80	38.90	3.10	0.00	0.00
63.90	20.50	18.90	19.00	18.80	39.00	3.10	0.00	0.00
64.00	20.50	18.80	19.00	18.80	38.70	3.10	0.00	0.00
64.10	20.60	18.80	18.90	18.80	38.40	3.10	0.00	0.00
64.20	20.60	18.80	18.90	18.80	39.00	2.70	0.00	0.00
64.30	20.40	18.70	19.00	18.70	39.00	2.80	0.00	0.00
64.40	20.50	18.70	19.00	18.70	38.90	2.50	0.00	0.00
64.50	20.50	18.70	19.00	18.70	39.20	3.40	0.00	0.00
64.60	20.40	18.70	18.80	18.70	39.00	3.10	0.00	0.00
64.70	20.50	18.70	19.00	18.70	38.90	2.50	0.00	0.00
64.80	20.50	18.70	19.00	18.70	38.90	3.10	0.00	0.00
64.90	20.30	18.80	18.80	18.70	38.90	2.70	0.00	0.00
65.00	20.30	18.80	18.80	18.70	39.00	3.00	0.00	0.00
65.10	20.40	18.80	18.90	18.70	39.00	3.10	0.00	0.00
65.20	20.40	18.90	18.90	18.70	39.00	3.10	0.00	0.00
65.30	20.40	18.90	18.90	18.70	38.70	3.40	0.00	0.00
65.40	20.30	18.80	18.80	18.60	38.90	3.10	0.00	0.00
65.50	20.40	18.70	19.00	18.60	39.00	3.00	0.00	0.00
65.60	20.40	18.70	19.00	18.60	38.90	3.10	0.00	0.00
65.70	20.40	18.80	18.90	18.70	39.20	3.00	0.00	0.00
65.80	20.40	18.80	18.90	18.70	39.30	2.80	0.00	0.00
65.90	20.40	18.80	18.90	18.70	38.90	3.00	0.00	0.00
66.00	20.40	18.90	19.00	18.70	38.60	3.10	0.00	0.00
66.10	20.30	18.80	19.00	18.70	38.70	3.10	0.00	0.00
66.20	20.30	18.80	19.00	18.70	39.50	3.00	0.00	0.00
66.30	20.30	18.80	19.00	18.60	38.90	3.00	0.00	0.00
66.40	20.30	18.80	19.00	18.60	39.20	3.30	0.00	0.00
66.50	20.40	18.80	19.00	18.70	38.40	3.30	0.00	0.00
66.60	20.40	18.80	18.90	18.70	39.90	3.10	0.00	0.00
66.70	20.40	18.80	18.90	18.70	39.00	3.10	0.00	0.00
66.80	20.40	18.90	18.90	18.70	38.40	3.10	0.00	0.00
66.90	20.50	18.80	19.00	18.70	39.20	3.00	0.00	0.00
67.00	20.50	18.80	19.00	18.70	39.00	3.90	0.00	0.00
67.10	20.20	18.80	18.80	18.70	39.00	3.90	0.00	0.00
67.20	20.20	18.80	18.80	18.70	39.00	2.80	0.00	0.00
67.30	20.40	18.80	19.10	18.80	39.00	2.80	0.00	0.00
67.40	20.30	18.70	18.90	18.70	39.30	3.00	0.00	0.00
67.50	20.30	18.70	18.90	18.70	38.90	2.70	0.00	0.00
67.60	20.30	18.70	18.90	18.50	39.30	3.10	0.00	0.00
67.70	20.30	18.90	19.00	18.80	38.60	3.00	0.00	0.00
67.80	20.30	18.90	19.00	18.80	38.70	3.40	0.00	0.00
67.90	20.30	18.80	19.00	18.60	38.90	2.80	0.00	0.00
68.00	20.30	18.80	18.90	18.70	39.00	2.70	0.00	0.00
68.10	20.30	18.80	18.90	18.70	38.60	3.00	0.00	0.00
68.20	20.30	18.80	18.90	18.70	39.00	3.10	0.00	0.00
68.30	20.20	18.70	18.90	18.50	39.20	2.10	0.00	0.00
68.40	20.20	18.70	18.90	18.50	38.70	3.10	0.00	0.00
68.50	20.30	18.80	19.00	18.60	38.90	3.00	0.00	0.00
68.60	20.40	19.00	19.00	18.70	39.00	2.80	0.00	0.00
68.70	20.40	19.00	19.00	18.70	39.20	3.00	0.00	0.00
68.80	20.30	18.80	18.90	18.60	38.70	3.10	0.00	0.00
68.90	20.30	18.80	18.90	18.60	38.90	3.10	0.00	0.00
69.00	20.30	18.90	18.90	18.80	38.90	3.10	0.00	0.00
69.10	20.20	18.70	18.90	18.70	38.90	3.10	0.00	0.00
69.20	20.20	18.70	18.90	18.70	39.00	2.80	0.00	0.00
69.30	20.30	18.80	19.00	18.90	39.30	2.80	0.00	0.00
69.40	20.20	18.80	18.90	18.70	39.30	2.80	0.00	0.00
69.50	20.20	18.80	18.90	18.70	38.10	3.40	0.00	0.00
69.60	20.20	18.80	18.90	18.70	38.70	3.00	0.00	0.00
69.70	20.20	18.80	18.90	18.70	39.00	3.00	0.00	0.00
69.80	20.30	18.80	19.00	18.70	37.90	3.30	0.00	0.00
69.90	20.20	18.80	18.80	18.60	39.20	3.00	0.00	0.00
70.00	20.20	18.80	18.80	18.60	39.60	3.30	0.00	0.00
70.10	20.30	18.70	18.90	18.70	39.00	3.10	0.00	0.00
70.20	20.20	18.80	18.80	18.60	39.20	3.00	0.00	0.00
70.30	20.20	18.80	18.80	18.60	38.90	3.10	0.00	0.00
70.40	20.30	18.80	19.20	18.70	39.00	3.10	0.00	0.00
70.50	20.20	18.80	19.00	18.60	39.00	3.40	0.00	0.00
70.60	20.20	18.80	19.00	18.60	38.90	3.00	0.00	0.00
70.70	20.30	18.70	18.90	18.70	38.90	3.10	0.00	0.00
70.80	20.30	18.90	18.90	18.80	39.20	2.80	0.00	0.00
70.90	20.30	18.90	18.90	18.80	39.20	2.80	0.00	0.00
71.00	20.10	18.80	18.90	18.60	38.90	2.80	0.00	0.00
71.10	20.30	18.80	19.00	18.70	39.00	2.70	0.00	0.00
71.20	20.30	18.80	19.00	18.70	38.90	2.80	0.00	0.00
71.30	20.20	18.70	18.90	18.60	39.00	3.10	0.00	0.00
71.40	20.20	18.70	18.90	18.60	39.00	3.60	0.00	0.00
71.50	20.10	18.90	19.00	18.70	39.00	3.00	0.00	0.00
71.60	20.10	18.80	18.80	18.70	38.60	2.80	0.00	0.00
71.70	20.20	18.80	18.90	18.80	38.90	3.10	0.00	0.00
71.80	20.20	18.80	18.90	18.80	38.90	3.10	0.00	0.00
71.90	20.20	18.80	18.90	18.70	38.70	3.10	0.00	0.00
72.00	20.20	18.80	18.90	18.60	38.70	3.30	0.00	0.00
72.10	20.20	18.80	18.90	18.60	39.00	3.10	0.00	0.00
72.20	20.20	18.90	19.00	18.80	39.20	3.00	0.00	0.00
72.30	20.10	18.70	18.90	18.60	39.20	3.10	0.00	0.00
72.40	20.10	18.70	18.90	18.60	38.90	3.10	0.00	0.00
72.50	20.40	19.00	19.10	18.80	38.90	3.60	0.00	0.00
72.60	20.10	18.70	18.90	18.80	38.90	3.00	0.00	0.00
72.70	20.10	18.70	18.90	18.80	38.90	3.00	0.00	0.00
72.80	20.10	18.70	18.80	18.60	38.90	3.10	0.00	0.00
72.90	20.10	18.70	18.80	18.60	39.20	3.90	0.00	0.00
73.00	20.10	18.80	18.80	18.70	39.20	2.70	0.00	0.00
73.10	20.20	18.80	18.90	18.60	38.90	3.00	0.00	0.00
73.20	20.20	18.80	18.90	18.60	39.00	3.00	0.00	0.00
73.30	20.20	18.70	18.90	18.60	39.30	3.40	0.00	0.00
73.40	20.00	18.80	19.00	18.60	39.00	2.50	0.00	0.00
73.50	20.00	18.80	19.00	18.60	39.20	3.00	0.00	0.00
73.60	20.10	18.90	18.90	18.70	38.90	3.00	0.00	0.00
73.70	20.10	18.80	18.90	18.60	38.90	3.00	0.00	0.00
73.80	20.10	18.80	18.90	18.60	38.70	3.10	0.00	0.00
73.90	20.10	18.70	19.00	18.60	39.00	2.80	0.00	0.00
74.00	20.10	18.70	18.80	18.60	38.90	3.00	0.00	0.00
74.10	20.10	18.70	18.80	18.60	39.20	2.80	0.00	0.00
74.20	20.10	18.80	19.00	18.70	38.90	2.70	0.00	0.00
74.30	20.20	18.80	18.90	18.60	38.90	3.00	0.00	0.00
74.40	20.20	18.80	18.90	18.60	38.90	2.70	0.00	0.00
74.50	20.10	18.90	18.80	18.70	38.90	2.80	0.00	0.00
74.60	20.10	18.90	18.80	18.70	38.90	2.80	0.00	0.00
74.70	20.20	18.80	19.00	18.70	38.70	2.80	0.00	0.00
74.80	20.00	18.80	18.90	18.70	38.90	3.10	0.00	0.00
74.90	20.00	18.80	18.90	18.70	38.90	3.00	0.00	0.00
75.00	20.00	18.70	18.80	18.60	38.60	2.70	0.00	0.00
75.10	20.10	18.80	18.90	18.60	38.60	2.70	0.00	0.00
75.20	20.10	18.80	18.90	18.60	38.70	3.10	0.00	0.00
75.30	20.20	18.80	19.00	18.70	39.20	2.80	0.00	0.00
75.40	20.00	18.70	19.00	18.60	39.00	3.40	0.00	0.00
75.50	20.00	18.70	19.00	18.60	39.20	3.40	0.00	0.00
75.60	20.20	18.80	18.90	18.60	39.20	3.40	0.00	0.00
75.70	20.20	18.80	19.00	18.80	38.90	3.40	0.00	0.00
75.80	20.20	18.80	19.00	18.80	39.00	2.70	0.00	0.00
75.90	20.00	18.90	19.00	18.70	38.70	3.00	0.00	0.00
76.00	20.10	18.90	19.00	18.80	38.70	2.80	0.00	0.00
76.10	20.10	18.90	19.00	18.80	38.60	3.00	0.00	0.00
76.20	20.00	18.80	19.00	18.70	39.20	2.80	0.00	0.00
76.30	20.00	18.80	19.00	18.70	38.70	3.10	0.00	0.00
76.40	20.10	18.80	19.00	18.70	39.20	3.30	0.00	0.00
76.50	20.10	18.90	18.90	18.70	39.20	3.30	0.00	0.00
76.60	20.10	18.90	18.90	18.70	38.70	3.30	0.00	0.00
76.70	20.20	18.80	19.10	18.80	38.90	3.10	0.00	0.00
76.80	20.10	18.90	18.90	18.60	39.20	3.00	0.00	0.00
76.90	20.10	18.90	18.90	18.60	39.00	3.00	0.00	0.00
77.00	20.10	18.80	18.90	18.70	39.00	3.30	0.00	0.00
77.10	20.00	18.70	18.90	18.60	38.90	2.80	0.00	0.00
77.20	20.00	18.70	18.90	18.60	38.90	2.80	0.00	0.00
77.30	20.00	18.80	18.90	18.70	39.00	3.10	0.00	0.00
77.40	20.10	18.90	19.00	18.70	39.00	3.10	0.00	0.00
77.50	20.10	18.90	19.00	18.70	39.30	3.00	0.00	0.00
77.60	19.90	18.70	19.00	18.60	38.70	3.00	0.00	0.00
77.70	20.00	18.80	18.90	18.70	38.90	3.00	0.00	0.00
77.80	20.00	18.80	18.90	18.70	38.90	3.10	0.00	0.00
77.90	20.10	18.80	19.00	18.60	39.20	3.10	0.00	0.00
78.00	20.00	18.80	18.90	18.80	39.00	3.90	0.00	0.00
78.10	20.00	18.80	18.90	18.80	39.00	3.30	0.00	0.00
78.20	20.00	18.70	18.90	18.50	39.00	3.30	0.00	0.00
78.30	20.20	18.90	19.00	18.70	39.00	3.30	0.00	0.00
78.40	20.20	18.90	19.00	18.70	39.00	3.30	0.00	0.00
78.50	20.00	18.70	18.90	18.60	38.70	3.10	0.00	0.00
78.60	20.00	18.70	18.90	18.60	37.50	3.40	0.00	0.00
78.70	20.00	18.90	19.00	18.70	39.20	3.40	0.00	0.00
78.80	20.00	18.70	18.90	18.80	39.00	3.00	0.00	0.00
78.90	20.00	18.70	18.90	18.80	38.70	3.30	0.00	0.00
79.00	20.10	18.80	19.10	18.60	38.70	2.80	0.00	0.00
79.10	20.10	18.80	19.10	18.60	38.70	3.10	0.00	0.00
79.20	19.90	18.70	18.80	18.60	38.70	3.00	0.00	0.00
79.30	20.00	18.70	18.90	18.70	38.70	3.00	0.00	0.00
79.40	20.00	18.70	18.90	18.70	38.60	2.70	0.00	0.00
79.50	20.00	18.80	18.80	18.60	38.60	3.30	0.00	0.00
79.60	19.90	18.70	18.90	18.70	38.90	2.70	0.00	0.00
79.70	19.90	18.70	18.90	18.70	39.20	3.00	0.00	0.00
79.80	20.00	18.80	19.00	18.70	39.20	3.10	0.00	0.00
79.90	20.00	18.90	19.00	18.80	39.50	3.80	0.00	0.00
80.00	20.00	18.90	19.00	18.80	39.00	2.80	0.00	0.00
80.10	20.00	18.80	18.90	18.60	38.60	3.10	0.00	0.00
80.20	20.10	19.00	19.00	18.70	38.60	3.10	0.00	0.00
80.30	20.10	19.00	19.00	18.70	38.10	3.30	0.00	0.00
80.40	19.90	18.80	18.90	18.60	38.90	3.00	0.00	0.00
80.50	19.90	18.80	18.90	18.60	39.00	2.80	0.00	0.00
80.60	20.00	18.90	19.00	18.60	39.20	3.10	0.00	0.00
80.70	20.10	18.90	19.00	18.70	39.00	3.00	0.00	0.00
80.80	20.20	19.00	19.10	18.80	38.90	3.10	0.00	0.00
80.90	20.20	19.00	19.10	18.80	39.20	3.00	0.00	0.00
81.00	20.00	18.80	18.90	18.70	38.90	3.00	0.00	0.00
81.10	20.00	18.80	18.90	18.70	38.60	3.30	0.00	0.00
81.20	20.00	18.90	18.90	18.60	38.60	3.30	0.00	0.00
81.30	19.90	18.80	19.00	18.70	39.00	3.00	0.00	0.00
81.40	19.90	18.80	19.00	18.70	39.00	2.80	0.00	0.00
81.50	20.00	18.70	18.90	18.70	39.00	2.70	0.00	0.00
81.60	19.90	18.80	18.80	18.70	39.00	2.70	0.00	0.00
81.70	19.90	18.80	18.80	18.70	38.90	3.10	0.00	0.00
81.80	19.90	18.90	18.90	18.70	38.90	3.30	0.00	0.00
81.90	19.90	18.70	18.80	18.50	38.90	2.50	0.00	0.00
82.00	19.90	18.70	18.80	18.50	38.70	2.80	0.00	0.00
82.10	20.00	18.80	18.90	18.70	38.70	2.80	0.00	0.00
82.20	19.90	18.80	18.80	18.60	39.00	3.30	0.00	0.00
82.30	19.90	18.80	18.80	18.60	39.00	3.00	0.00	0.00
82.40	20.00	18.90	19.00	18.80	39.00	3.10	0.00	0.00
82.50	20.00	18.80	18.80	18.70	38.70	2.80	0.00	0.00
82.60	20.00	18.80	18.80	18.70	38.90	2.80	0.00	0.00
82.70	19.90	18.80	18.80	18.70	38.90	3.10	0.00	0.00
82.80	19.90	18.70	19.00	18.60	38.90	3.10	0.00	0.00
82.90	19.90	18.70	19.00	18.60	38.60	2.80	0.00	0.00
83.00	19.80	18.70	18.80	18.60	38.90	3.10	0.00	0.00
83.10	19.80	18.70	18.80	18.60	38.90	3.10	0.00	0.00
83.20	20.00	18.80	18.90	18.70	39.20	3.10	0.00	0.00
83.30	19.90	18.80	19.00	18.70	38.70	3.00	0.00	0.00
83.40	19.90	18.80	19.00	18.70	38.60	3.10	0.00	0.00
83.50	19.90	18.70	18.80	18.60	39.30	3.60	0.00	0.00
83.60	20.00	18.90	19.00	18.70	39.00	2.80	0.00	0.00
83.70	20.00	18.90	19.00	18.70	39.00	3.10	0.00	0.00
83.80	20.00	18.80	19.00	18.80	38.90	3.10	0.00	0.00
83.90	19.90	18.80	18.90	18.60	38.90	3.00	0.00	0.00
84.00	19.90	18.80	18.90	18.60	38.90	3.00	0.00	0.00
84.10	19.90	18.80	18.80	18.70	38.70	3.30	0.00	0.00
84.20	19.90	18.70	19.00	18.70	39.00	2.80	0.00	0.00
84.30	19.90	18.70	19.00	18.70	38.90	3.00	0.00	0.00
84.40	19.80	18.80	18.90	18.70	38.70	3.00	0.00	0.00
84.50	19.80	18.80	18.90	18.70	38.90	2.70	0.00	0.00
84.60	20.00	18.80	18.80	18.70	38.70	3.30	0.00	0.00
84.70	19.90	18.80	18.90	18.60	39.00	3.10	0.00	0.00
84.80	19.90	18.80	18.90	18.60	38.70	3.30	0.00	0.00
84.90	19.90	18.90	18.90	18.70	38.90	3.10	0.00	0.00
85.00	20.00	19.00	19.00	18.80	38.90	3.10	0.00	0.00
85.10	20.00	19.00	19.00	18.80	39.20	3.00	0.00	0.00
85.20	19.90	18.80	18.90	18.70	38.90	2.70	0.00	0.00
85.30	19.90	18.90	19.10	18.80	38.90	3.10	0.00	0.00
85.40	19.90	18.90	19.10	18.80	38.90	3.00	0.00	0.00
85.50	19.80	18.80	18.90	18.60	38.90	2.80	0.00	0.00
85.60	19.90	18.70	18.80	18.70	38.90	3.10	0.00	0.00
85.70	19.90	18.70	18.80	18.70	38.70	2.80	0.00	0.00
85.80	19.90	18.90	19.00	18.70	39.00	3.00	0.00	0.00
85.90	20.00	18.90	18.90	18.80	38.70	3.30	0.00	0.00
86.00	20.00	18.90	18.90	18.80	38.70	3.30	0.00	0.00
86.10	19.90	18.90	19.00	18.90	39.00	2.80	0.00	0.00
86.20	19.80	18.80	18.80	18.60	39.20	2.70	0.00	0.00
86.30	19.80	18.80	18.80	18.60	37.30	3.10	0.00	0.00
86.40	19.80	18.80	19.00	18.70	39.20	3.10	0.00	0.00
86.50	19.80	18.90	18.90	18.60	38.90	3.40	0.00	0.00
86.60	19.80	18.90	18.90	18.60	39.00	3.00	0.00	0.00
86.70	19.80	18.70	18.90	18.60	39.00	3.30	0.00	0.00
86.80	19.90	18.80	18.90	18.50	38.70	3.40	0.00	0.00
86.90	19.90	18.80	18.90	18.50	38.70	3.40	0.00	0.00
87.00	19.80	18.80	18.90	18.70	38.60	2.80	0.00	0.00
87.10	19.90	18.90	18.90	18.70	38.90	3.10	0.00	0.00
87.20	19.90	18.90	18.90	18.70	39.00	3.00	0.00	0.00
87.30	19.80	18.80	18.90	18.70	39.20	2.80	0.00	0.00
87.40	19.90	18.90	18.90	18.70	39.00	2.80	0.00	0.00
87.50	19.90	18.90	18.90	18.70	38.90	2.80	0.00	0.00
87.60	19.80	18.80	18.90	18.70	39.00	3.10	0.00	0.00
87.70	19.80	18.80	18.90	18.70	38.70	3.10	0.00	0.00
87.80	19.80	18.80	18.90	18.70	38.70	3.10	0.00	0.00
87.90	20.00	18.90	19.10	18.70	39.00	3.10	0.00	0.00
88.00	20.00	18.90	19.10	18.70	39.20	3.10	0.00	0.00
88.10	19.90	18.90	19.20	18.70	38.90	3.30	0.00	0.00
88.20	19.80	18.70	18.80	18.60	38.70	2.80	0.00	0.00
88.30	19.80	18.70	18.80	18.60	38.90	3.00	0.00	0.00
88.40	19.90	18.80	19.00	18.70	38.90	3.30	0.00	0.00
88.50	19.90	18.80	19.00	18.70	38.60	3.10	0.00	0.00
88.60	19.90	18.80	18.90	18.70	38.60	2.70	0.00	0.00
88.70	19.70	18.90	19.00	18.70	38.60	2.70	0.00	0.00
88.80	19.70	18.90	19.00	18.70	38.90	3.00	0.00	0.00
88.90	19.80	18.90	19.10	18.70	39.30	2.70	0.00	0.00
89.00	19.80	18.90	18.90	18.70	38.90	2.80	0.00	0.00
89.10	19.80	18.90	18.90	18.70	38.90	3.80	0.00	0.00
89.20	20.00	18.80	19.00	18.70	39.20	1.10	0.00	0.00
89.30	19.90	18.80	19.00	18.80	38.70	3.10	0.00	0.00
89.40	19.90	18.80	19.00	18.80	39.20	3.00	0.00	0.00
89.50	19.70	18.80	18.90	18.60	38.90	3.10	0.00	0.00
89.60	19.90	19.00	19.10	18.80	38.90	3.10	0.00	0.00
89.70	19.90	19.00	19.10	18.80	39.20	3.30	0.00	0.00
89.80	19.90	18.80	18.90	18.70	39.20	3.00	0.00	0.00
89.90	19.90	18.80	18.90	18.70	38.90	2.70	0.00	0.00
90.00	19.80	18.90	18.90	18.60	39.20	3.00	0.00	0.00
90.10	19.80	18.90	19.00	18.60	38.90	3.10	0.00	0.00
90.20	19.80	18.90	19.00	18.60	39.00	3.00	0.00	0.00
90.30	19.80	18.90	19.00	18.80	38.90	3.10	0.00	0.00
90.40	19.80	18.70	19.00	18.70	38.90	3.10	0.00	0.00
90.50	19.80	18.70	19.00	18.70	38.70	3.00	0.00	0.00
90.60	19.90	18.90	19.00	18.70	38.70	3.00	0.00	0.00
90.70	19.90	18.90	19.00	18.70	38.70	3.00	0.00	0.00
90.80	19.80	18.80	18.90	18.60	38.90	2.70	0.00	0.00
90.90	19.90	18.80	19.00	18.70	39.00	3.10	0.00	0.00
91.00	19.90	18.80	19.00	18.70	39.00	2.70	0.00	0.00
91.10	19.90	18.90	18.90	18.60	38.90	3.00	0.00	0.00
91.20	19.90	18.90	19.00	18.70	39.00	3.30	0.00	0.00
91.30	19.90	18.90	19.00	18.70	38.90	3.40	0.00	0.00
91.40	19.80	18.80	19.00	18.50	39.00	3.40	0.00	0.00
91.50	19.80	19.00	19.00	18.60	39.00	3.40	0.00	0.00
91.60	19.80	19.00	19.00	18.60	39.20	2.80	0.00	0.00
91.70	19.60	18.70	18.80	18.60	39.00	3.40	0.00	0.00
91.80	19.80	18.80	18.80	18.70	39.00	3.00	0.00	0.00
91.90	19.80	18.80	18.80	18.70	38.70	3.00	0.00	0.00
92.00	19.90	18.90	19.00	18.80	38.70	2.80	0.00	0.00
92.10	19.90	18.90	19.00	18.80	39.00	3.60	0.00	0.00
92.20	20.00	18.90	19.00	18.70	39.20	3.10	0.00	0.00
92.30	19.80	18.80	18.90	18.80	39.00	2.80	0.00	0.00
92.40	19.80	18.80	18.90	18.80	38.70	3.00	0.00	0.00
92.50	19.80	18.90	19.00	18.60	38.70	3.00	0.00	0.00
92.60	19.80	18.90	19.00	18.60	39.30	3.10	0.00	0.00
92.70	19.70	18.80	18.90	18.70	38.70	3.10	0.00	0.00
92.80	19.80	18.80	18.90	18.70	38.90	3.00	0.00	0.00
92.90	19.80	18.90	18.90	18.80	39.30	2.80	0.00	0.00
93.00	19.80	18.90	18.90	18.80	39.20	3.00	0.00	0.00
93.10	19.70	18.80	19.00	18.60	38.90	3.10	0.00	0.00
93.20	19.70	18.80	19.00	18.60	38.70	2.80	0.00	0.00
93.30	19.80	19.00	19.10	18.80	37.80	3.30	0.00	0.00
93.40	19.80	18.80	19.00	18.60	38.70	3.10	0.00	0.00
93.50	19.70	18.80	18.90	18.60	38.70	3.10	0.00	0.00
93.60	19.70	18.80	18.90	18.60	39.00	3.00	0.00	0.00
93.70	19.70	18.70	18.80	18.60	39.00	2.80	0.00	0.00
93.80	19.70	18.70	18.80	18.60	38.90	3.10	0.00	0.00
93.90	19.70	18.90	19.00	18.60	39.00	3.00	0.00	0.00
94.00	19.80	19.00	19.10	18.70	39.00	3.10	0.00	0.00
94.10	19.80	19.00	19.10	18.70	38.70	3.10	0.00	0.00
94.20	19.80	18.80	18.90	18.70	38.70	2.80	0.00	0.00
94.30	19.80	18.80	18.90	18.70	38.90	2.50	0.00	0.00
94.40	19.80	19.00	19.00	18.60	38.90	2.50	0.00	0.00
94.50	19.70	18.70	18.90	18.60	39.50	3.60	0.00	0.00
94.60	19.70	18.70	18.90	18.60	39.20	2.80	0.00	0.00
94.70	19.70	18.90	18.90	18.50	38.70	3.40	0.00	0.00
94.80	19.80	18.90	18.80	18.60	38.90	3.10	0.00	0.00
94.90	19.80	18.80	18.90	18.60	39.00	3.00	0.00	0.00
95.00	19.80	18.80	18.90	18.60	38.90	3.00	0.00	0.00
95.10	19.70	18.80	19.00	18.70	38.60	3.10	0.00	0.00
95.20	19.70	18.80	19.00	18.70	38.70	3.10	0.00	0.00
95.30	19.80	18.90	18.90	18.70	38.70	3.60	0.00	0.00
95.40	19.70	18.80	19.00	18.70	38.70	3.60	0.00	0.00
95.50	19.70	18.80	19.00	18.70	37.30	3.30	0.00	0.00
95.60	19.90	18.90	19.00	18.60	38.90	3.10	0.00	0.00
95.70	19.80	18.90	19.00	18.60	39.00	2.80	0.00	0.00
95.80	19.80	18.90	19.00	18.60	38.90	3.00	0.00	0.00
95.90	19.90	18.80	19.00	18.60	38.90	3.00	0.00	0.00
96.00	19.90	18.80	19.00	18.60	38.60	2.70	0.00	0.00
96.10	19.60	18.80	18.90	18.60	38.90	3.30	0.00	0.00
96.20	19.90	18.90	19.10	18.70	38.90	3.10	0.00	0.00
96.30	19.90	18.90	19.10	18.70	38.90	3.10	0.00	0.00
96.40	19.80	18.90	19.00	18.70	39.20	3.00	0.00	0.00
96.50	19.70	18.90	18.90	18.70	39.20	3.00	0.00	0.00
96.60	19.70	18.90	18.90	18.70	39.30	3.10	0.00	0.00
96.70	19.80	18.80	19.00	18.70	38.60	2.80	0.00	0.00
96.80	19.80	18.80	19.00	18.70	39.00	3.00	0.00	0.00
96.90	19.90	18.90	19.00	18.80	39.20	2.70	0.00	0.00
97.00	19.80	18.90	18.90	18.70	39.00	2.80	0.00	0.00
97.10	19.80	18.90	18.90	18.70	38.70	2.80	0.00	0.00
97.20	19.80	18.90	18.90	18.60	38.70	2.80	0.00	0.00
97.30	19.60	18.70	18.90	18.60	38.70	2.80	0.00	0.00
97.40	19.60	18.70	18.90	18.60	39.00	2.80	0.00	0.00
97.50	19.70	18.90	19.00	18.70	38.70	3.10	0.00	0.00
97.60	19.70	18.80	18.80	18.60	39.00	3.10	0.00	0.00
97.70	19.70	18.80	18.80	18.60	39.00	3.30	0.00	0.00
97.80	19.70	18.90	18.90	18.70	38.70	3.60	0.00	0.00
97.90	19.70	18.80	19.00	18.70	38.60	3.10	0.00	0.00
98.00	19.70	18.80	19.00	18.70	39.00	3.10	0.00	0.00
98.10	19.80	18.90	19.10	18.80	38.90	3.00	0.00	0.00
98.20	19.70	18.90	18.90	18.70	38.90	3.00	0.00	0.00
98.30	19.70	18.90	18.90	18.70	39.00	3.00	0.00	0.00
98.40	19.60	18.70	18.70	18.60	39.00	3.30	0.00	0.00
98.50	19.80	18.90	19.00	18.80	38.90	3.10	0.00	0.00
98.60	19.80	18.90	19.00	18.80	38.90	3.10	0.00	0.00
98.70	19.70	18.90	19.00	18.70	38.90	3.10	0.00	0.00
98.80	19.70	18.80	19.00	18.70	39.00	2.80	0.00	0.00
98.90	19.70	18.80	19.00	18.70	38.90	3.00	0.00	0.00
99.00	19.70	18.80	18.80	18.70	38.90	3.30	0.00	0.00
99.10	19.80	18.90	18.90	18.70	38.90	3.30	0.00	0.00
99.20	19.80	18.90	18.90	18.70	39.00	3.00	0.00	0.00
99.30	19.70	18.90	19.00	18.70	39.00	3.00	0.00	0.00
99.40	19.80	18.80	18.90	18.70	39.00	3.40	0.00	0.00
99.50	19.80	18.80	18.90	18.70	39.00	3.00	0.00	0.00
99.60	19.80	18.90	19.00	18.70	38.70	3.10	0.00	0.00
99.70	19.80	18.90	19.00	18.70	39.20	2.70	0.00	0.00
99.80	19.80	18.90	19.00	18.80	39.20	2.80	0.00	0.00
99.90	19.60	18.70	18.90	18.60	39.00	2.80	0.00	0.00
100.00	19.80	19.00	18.90	18.70	39.00	2.80	0.00	0.00
100.10	19.80	19.00	18.90	18.70	38.70	3.10	0.00	0.00
100.20	19.80	18.80	18.90	18.70	39.30	2.70	0.00	0.00
100.30	19.80	18.80	18.90	18.70	39.20	3.00	0.00	0.00
100.40	19.70	19.00	18.90	18.70	39.20	3.00	0.00	0.00
100.50	19.80	18.80	19.00	18.70	38.90	3.00	0.00	0.00
100.60	19.80	18.90	19.00	18.70	38.90	2.70	0.00	0.00
100.70	19.80	18.90	19.00	18.70	38.90	3.30	0.00	0.00
100.80	19.70	18.80	18.90	18.70	38.70	3.30	0.00	0.00
100.90	19.70	18.80	18.90	18.70	39.20	2.80	0.00	0.00
101.00	19.80	19.00	18.90	18.70	39.20	2.80	0.00	0.00
101.10	19.80	18.90	19.00	18.70	39.00	2.80	0.00	0.00
101.20	19.80	18.90	19.00	18.70	38.60	3.00	0.00	0.00
101.30	19.80	19.00	19.10	18.80	38.70	3.00	0.00	0.00
101.40	19.70	18.90	19.00	18.70	38.90	3.10	0.00	0.00
101.50	19.70	18.90	19.00	18.70	39.00	3.30	0.00	0.00
101.60	19.60	18.90	18.80	18.60	39.00	3.30	0.00	0.00
101.70	19.60	18.90	18.80	18.60	38.90	3.00	0.00	0.00
101.80	19.80	18.90	19.00	18.70	38.60	3.30	0.00	0.00
101.90	19.80	18.80	19.00	18.60	38.60	3.30	0.00	0.00
102.00	19.80	18.80	19.00	18.60	39.20	2.80	0.00	0.00
102.10	19.80	18.90	18.90	18.60	39.00	3.00	0.00	0.00
102.20	19.70	18.80	18.90	18.80	39.00	3.30	0.00	0.00
102.30	19.70	18.80	18.90	18.80	38.90	3.00	0.00	0.00
102.40	19.70	18.80	18.90	18.70	39.00	3.00	0.00	0.00
102.50	19.60	18.70	18.90	18.60	38.70	3.10	0.00	0.00
102.60	19.60	18.70	18.90	18.60	38.90	3.10	0.00	0.00
102.70	19.80	18.80	18.90	18.60	39.00	2.70	0.00	0.00
102.80	19.80	18.80	18.90	18.60	39.00	2.70	0.00	0.00
102.90	19.70	18.80	18.90	18.60	38.90	3.00	0.00	0.00
103.00	19.70	18.80	18.90	18.60	39.20	2.80	0.00	0.00
103.10	19.70	18.80	18.90	18.60	38.70	2.80	0.00	0.00
103.20	19.70	19.00	18.90	18.70	39.20	2.70	0.00	0.00
103.30	19.70	19.00	18.90	18.70	38.90	3.00	0.00	0.00
103.40	19.80	18.90	19.00	18.60	38.60	2.70	0.00	0.00
103.50	19.80	18.80	19.00	18.80	39.20	3.10	0.00	0.00
103.60	19.80	18.80	19.00	18.80	38.60	3.10	0.00	0.00
103.70	19.80	18.90	19.00	18.70	38.90	3.00	0.00	0.00
103.80	19.70	19.00	19.00	18.70	38.90	3.00	0.00	0.00
103.90	19.70	19.00	19.00	18.70	38.90	3.00	0.00	0.00
104.00	19.70	18.90	19.00	18.70	38.70	2.70	0.00	0.00
104.10	19.70	18.90	19.00	18.70	38.70	3.00	0.00	0.00
104.20	19.90	18.90	19.00	18.70	38.70	3.00	0.00	0.00
104.30	19.70	18.80	19.00	18.70	39.20	3.30	0.00	0.00
104.40	19.70	18.80	19.00	18.70	39.00	3.00	0.00	0.00
104.50	19.80	18.90	19.00	18.70	38.90	2.70	0.00	0.00
104.60	19.70	18.90	19.00	18.60	38.90	2.70	0.00	0.00
104.70	19.70	18.90	19.00	18.60	39.00	3.30	0.00	0.00
104.80	19.70	18.90	19.00	18.70	39.00	3.30	0.00	0.00
104.90	19.70	19.00	19.00	18.70	38.70	3.00	0.00	0.00
105.00	19.70	19.00	19.00	18.70	38.70	3.10	0.00	0.00
105.10	19.80	18.90	19.00	18.70	38.90	3.10	0.00	0.00
105.20	19.80	18.90	19.00	18.70	39.00	3.00	0.00	0.00
105.30	19.70	18.90	19.00	18.60	39.00	2.80	0.00	0.00
105.40	19.60	18.70	18.80	18.70	39.00	2.50	0.00	0.00
105.50	19.60	18.70	18.80	18.70	38.90	2.70	0.00	0.00
105.60	19.70	18.90	19.00	18.80	38.70	3.10	0.00	0.00
105.70	19.70	18.70	18.90	18.70	38.70	3.10	0.00	0.00
105.80	19.70	18.70	18.90	18.70	39.00	3.10	0.00	0.00
105.90	19.70	18.90	19.00	18.70	38.90	3.10	0.00	0.00
106.00	19.70	18.90	19.00	18.70	38.70	2.80	0.00	0.00
106.10	19.70	18.80	18.90	18.60	38.90	3.00	0.00	0.00
106.20	19.80	19.10	19.10	18.90	39.30	3.00	0.00	0.00
106.30	19.80	19.10	19.10	18.90	38.60	3.00	0.00	0.00
106.40	19.60	18.80	18.90	18.70	39.20	2.80	0.00	0.00
106.50	19.60	18.80	18.90	18.60	39.20	3.10	0.00	0.00
106.60	19.60	18.80	18.90	18.60	39.00	3.30	0.00	0.00
106.70	19.70	18.80	18.90	18.70	39.00	3.30	0.00	0.00
106.80	19.70	18.90	18.90	18.60	39.00	3.10	0.00	0.00
106.90	19.70	18.90	18.90	18.60	39.20	3.40	0.00	0.00
107.00	19.70	18.90	18.90	18.70	38.60	2.80	0.00	0.00
107.10	19.70	18.90	18.90	18.70	38.70	2.80	0.00	0.00
107.20	19.70	18.90	18.90	18.70	38.70	3.00	0.00	0.00
107.30	19.70	18.90	18.90	18.60	38.90	3.10	0.00	0.00
107.40	19.70	18.90	18.90	18.60	39.00	3.00	0.00	0.00
107.50	19.60	18.80	18.90	18.70	38.90	3.30	0.00	0.00
107.60	19.50	18.90	18.90	18.70	38.90	3.30	0.00	0.00
107.70	19.50	18.90	18.90	18.70	39.20	2.80	0.00	0.00
107.80	19.50	18.70	18.80	18.60	38.90	2.80	0.00	0.00
107.90	19.50	18.80	18.90	18.70	38.90	3.40	0.00	0.00
108.00	19.50	18.80	18.90	18.70	38.70	2.80	0.00	0.00
108.10	19.70	18.80	19.00	18.60	39.30	3.10	0.00	0.00
108.20	19.60	18.90	19.00	18.70	39.00	3.00	0.00	0.00
108.30	19.60	18.90	19.00	18.70	39.20	3.00	0.00	0.00
108.40	19.60	18.80	18.80	18.60	38.60	3.10	0.00	0.00
108.50	19.70	18.90	19.00	18.70	38.60	3.10	0.00	0.00
108.60	19.70	18.90	19.00	18.70	39.30	3.00	0.00	0.00
108.70	19.60	18.90	19.00	18.60	38.90	3.10	0.00	0.00
108.80	19.60	18.80	19.00	18.60	38.90	2.50	0.00	0.00
108.90	19.60	18.80	19.00	18.60	39.50	3.00	0.00	0.00
109.00	19.80	18.90	19.00	18.70	38.90	3.00	0.00	0.00
109.10	19.60	18.90	19.00	18.70	38.70	3.00	0.00	0.00
109.20	19.60	18.90	19.00	18.70	38.70	3.10	0.00	0.00
109.30	19.60	19.00	18.90	18.60	38.90	3.00	0.00	0.00
109.40	19.60	19.00	18.90	18.60	39.20	3.10	0.00	0.00
109.50	19.80	18.90	19.00	18.70	39.20	3.10	0.00	0.00
109.60	19.70	18.80	19.00	18.70	39.00	3.10	0.00	0.00
109.70	19.70	18.80	19.00	18.70	38.90	3.30	0.00	0.00
109.80	19.70	18.80	18.80	18.70	38.90	2.80	0.00	0.00
109.90	19.70	18.90	18.90	18.60	39.20	3.40	0.00	0.00
110.00	19.70	18.90	18.90	18.60	38.60	3.00	0.00	0.00
110.10	19.50	18.70	18.80	18.70	39.20	3.00	0.00	0.00
110.20	19.70	18.90	19.00	18.80	38.70	3.30	0.00	0.00
110.30	19.70	18.90	19.00	18.80	39.20	3.00	0.00	0.00
110.40	19.70	18.80	18.90	18.70	39.20	3.00	0.00	0.00
110.50	19.70	18.80	18.90	18.70	39.00	3.00	0.00	0.00
110.60	19.80	19.10	19.10	18.80	39.30	3.10	0.00	0.00
110.70	19.60	18.90	19.00	18.70	39.20	2.80	0.00	0.00
110.80	19.60	18.90	19.00	18.70	39.00	2.80	0.00	0.00
110.90	19.70	18.90	19.00	18.70	38.70	3.00	0.00	0.00
111.00	19.60	18.80	18.90	18.70	39.00	2.80	0.00	0.00
111.10	19.60	18.80	18.90	18.70	39.00	3.30	0.00	0.00
111.20	19.70	19.00	19.10	18.80	39.00	3.10	0.00	0.00
111.30	19.70	18.90	19.10	18.80	39.00	3.10	0.00	0.00
111.40	19.70	18.90	19.10	18.80	39.00	3.00	0.00	0.00
111.50	19.60	18.90	18.80	18.70	39.20	2.80	0.00	0.00
111.60	19.60	18.90	19.00	18.70	39.20	3.10	0.00	0.00
111.70	19.60	18.90	19.00	18.70	39.00	3.10	0.00	0.00
111.80	19.70	18.90	19.00	18.70	39.00	2.80	0.00	0.00
111.90	19.60	18.90	18.90	18.70	38.70	3.30	0.00	0.00
112.00	19.60	18.90	18.90	18.70	39.20	2.80	0.00	0.00
112.10	19.60	18.80	18.80	18.60	38.70	3.00	0.00	0.00
112.20	19.70	18.80	18.80	18.60	38.70	3.00	0.00	0.00
112.30	19.70	18.80	18.80	18.60	38.60	2.70	0.00	0.00
112.40	19.70	19.00	18.90	18.80	39.20	3.00	0.00	0.00
112.50	19.60	18.80	18.90	18.60	38.70	3.00	0.00	0.00
112.60	19.60	18.80	18.90	18.60	39.20	2.80	0.00	0.00
112.70	19.70	18.90	19.00	18.70	38.70	3.00	0.00	0.00
112.80	19.70	18.90	19.00	18.70	39.20	3.00	0.00	0.00
112.90	19.70	18.90	19.00	18.70	38.70	3.00	0.00	0.00
113.00	19.70	19.00	19.00	18.60	38.90	1.30	0.00	0.00
113.10	19.70	18.80	19.00	18.70	39.30	3.00	0.00	0.00
113.20	19.70	18.80	19.00	18.70	39.30	3.00	0.00	0.00
113.30	19.60	18.80	18.90	18.50	38.70	2.80	0.00	0.00
113.40	19.70	18.90	19.00	18.70	38.60	3.10	0.00	0.00
113.50	19.70	18.90	19.00	18.70	39.00	3.10	0.00	0.00
113.60	19.70	18.70	19.00	18.60	38.70	3.00	0.00	0.00
113.70	19.70	18.70	19.00	18.60	39.00	3.10	0.00	0.00
113.80	19.70	18.90	19.10	18.70	38.60	2.80	0.00	0.00
113.90	19.70	19.00	19.10	18.80	39.00	3.00	0.00	0.00
114.00	19.70	19.00	19.10	18.80	39.20	3.00	0.00	0.00
114.10	19.70	19.00	19.00	18.70	39.20	3.00	0.00	0.00
114.20	19.70	18.90	18.90	18.70	38.70	3.00	0.00	0.00
114.30	19.70	18.90	18.90	18.70	39.00	3.30	0.00	0.00
114.40	19.60	18.80	18.90	18.60	39.30	3.10	0.00	0.00
114.50	19.60	18.90	18.90	18.60	39.20	3.40	0.00	0.00
114.60	19.60	18.90	18.90	18.60	37.00	3.30	0.00	0.00
