Ambient Temperature(C): 18.5
Ambient Pressure(in Hg): 
Time(s)	T1(Deg C)	Wall Temp(Deg C)	Top Plate(Deg C)	Bottom Plate(Deg C)	P1(PSI)	P2(PSI)	Mass Flowrate(g/min)	Heater Energy (kJ)

0.00	22.00	24.50	22.20	20.30	0.80	3.00	0.00	0.00
0.10	22.00	24.50	22.20	20.30	1.10	2.70	0.00	0.00
0.20	21.90	24.60	22.20	20.40	1.10	2.70	0.00	0.00
0.30	22.00	24.50	22.20	20.50	1.10	3.10	0.00	0.00
0.40	22.00	24.50	22.20	20.50	0.80	2.80	0.00	0.00
0.50	21.90	24.50	22.30	20.30	0.70	3.00	0.00	0.00
0.60	22.00	24.60	22.10	20.40	1.00	2.80	0.00	0.00
0.70	22.00	24.60	22.10	20.40	1.00	2.80	0.00	0.00
0.80	21.90	24.40	22.10	20.30	1.10	3.00	0.00	0.00
0.90	21.90	24.60	22.20	20.40	1.10	3.10	0.00	0.00
1.00	21.90	24.60	22.20	20.40	1.00	2.50	0.00	0.00
1.10	21.90	24.50	22.20	20.30	1.00	3.10	0.00	0.00
1.20	21.90	24.50	22.20	20.30	1.00	2.80	0.00	0.00
1.30	22.10	24.60	22.40	20.40	-0.50	2.70	0.00	0.00
1.40	21.90	24.50	22.20	20.30	1.30	2.80	0.00	0.00
1.50	22.10	24.60	22.20	20.40	1.00	2.80	0.00	0.00
1.60	22.10	24.60	22.20	20.40	1.00	2.80	0.00	0.00
1.70	22.10	24.70	22.30	20.30	0.70	2.70	0.00	0.00
1.80	22.00	24.60	22.20	20.40	1.00	2.40	0.00	0.00
1.90	22.00	24.60	22.20	20.40	0.70	2.70	0.00	0.00
2.00	21.90	24.50	22.20	20.30	1.30	2.70	0.00	0.00
2.10	21.90	24.50	22.20	20.30	0.80	3.00	0.00	0.00
2.20	21.90	24.50	22.20	20.30	0.80	2.70	0.00	0.00
2.30	22.10	24.50	22.20	20.40	0.50	3.10	0.00	0.00
2.40	22.10	24.50	22.20	20.40	0.70	2.10	0.00	0.00
2.50	22.10	24.50	22.20	20.40	0.70	2.10	0.00	0.00
2.60	22.00	24.50	22.20	20.40	0.40	3.00	0.00	0.00
2.70	22.00	24.50	22.20	20.40	1.30	2.80	0.00	0.00
2.80	22.00	24.50	22.10	20.20	0.80	2.70	0.00	0.00
2.90	22.10	24.50	22.20	20.30	1.00	3.10	0.00	0.00
3.00	22.10	24.50	22.20	20.30	0.70	2.50	0.00	0.00
3.10	22.00	24.50	22.20	20.30	1.00	2.80	0.00	0.00
3.20	22.10	24.50	22.20	20.40	0.80	3.00	0.00	0.00
3.30	22.10	24.50	22.20	20.40	1.30	2.70	0.00	0.00
3.40	22.00	24.50	22.20	20.40	1.00	2.80	0.00	0.00
3.50	22.20	24.60	22.40	20.50	1.00	2.80	0.00	0.00
3.60	22.20	24.60	22.40	20.50	1.10	2.50	0.00	0.00
3.70	22.00	24.50	22.10	20.20	0.80	2.80	0.00	0.00
3.80	22.00	24.50	22.10	20.20	0.70	2.70	0.00	0.00
3.90	22.10	24.50	22.20	20.40	0.70	2.80	0.00	0.00
4.00	22.10	24.50	22.40	20.30	0.70	3.10	0.00	0.00
4.10	22.10	24.50	22.40	20.30	1.00	3.00	0.00	0.00
4.20	22.10	24.60	22.30	20.30	0.80	3.10	0.00	0.00
4.30	22.10	24.50	22.10	20.30	1.00	3.00	0.00	0.00
4.40	22.10	24.50	22.10	20.30	0.80	2.80	0.00	0.00
4.50	22.10	24.50	22.10	20.40	0.80	2.80	0.00	0.00
4.60	22.00	24.50	22.20	20.20	0.50	2.70	0.00	0.00
4.70	22.00	24.50	22.20	20.20	0.50	2.80	0.00	0.00
4.80	22.20	24.60	22.10	20.30	1.30	2.70	0.00	0.00
4.90	22.00	24.50	22.20	20.30	1.90	2.40	0.00	0.00
5.00	22.00	24.50	22.20	20.30	0.50	2.70	0.00	0.00
5.10	22.20	24.60	22.20	20.30	0.70	2.70	0.00	0.00
5.20	22.20	24.60	22.20	20.30	0.80	3.00	0.00	0.00
5.30	22.20	24.60	22.30	20.30	1.10	3.00	0.00	0.00
5.40	22.10	24.50	22.20	20.30	1.10	3.00	0.00	0.00
5.50	22.10	24.50	22.20	20.30	1.10	2.80	0.00	0.00
5.60	22.20	24.60	22.30	20.40	1.00	2.70	0.00	0.00
5.70	22.00	24.50	22.10	20.20	1.00	2.70	0.00	0.00
5.80	22.00	24.50	22.10	20.20	0.80	2.80	0.00	0.00
5.90	22.20	24.60	22.40	20.40	1.10	2.50	0.00	0.00
6.00	22.10	24.50	22.10	20.30	1.00	3.00	0.00	0.00
6.10	22.10	24.50	22.10	20.30	-0.70	3.10	0.00	0.00
6.20	22.10	24.40	22.10	20.30	0.80	2.80	0.00	0.00
6.30	22.30	24.60	22.10	20.30	0.80	2.80	0.00	0.00
6.40	22.30	24.60	22.10	20.30	1.00	3.00	0.00	0.00
6.50	22.20	24.50	22.20	20.30	0.80	2.80	0.00	0.00
6.60	22.20	24.50	22.20	20.30	1.00	2.50	0.00	0.00
6.70	22.20	24.50	22.20	20.40	1.00	2.70	0.00	0.00
6.80	22.10	24.50	22.10	20.30	0.80	2.70	0.00	0.00
6.90	22.10	24.50	22.10	20.30	0.50	3.00	0.00	0.00
7.00	22.20	24.50	22.20	20.30	0.80	2.80	0.00	0.00
7.10	22.20	24.70	22.20	20.30	0.80	2.80	0.00	0.00
7.20	22.20	24.70	22.20	20.30	1.10	2.70	0.00	0.00
7.30	22.20	24.60	22.20	20.30	1.10	2.70	0.00	0.00
7.40	22.20	24.50	22.30	20.20	1.30	2.70	0.00	0.00
7.50	22.20	24.50	22.30	20.20	0.40	2.80	0.00	0.00
7.60	22.30	24.60	22.10	20.30	1.60	3.00	0.00	0.00
7.70	22.20	24.50	22.20	20.40	0.70	3.10	0.00	0.00
7.80	22.20	24.50	22.20	20.40	1.00	3.00	0.00	0.00
7.90	22.30	24.50	22.20	20.40	1.10	2.70	0.00	0.00
8.00	22.30	24.50	22.20	20.40	1.10	2.80	0.00	0.00
8.10	22.30	24.60	22.20	20.30	0.80	2.80	0.00	0.00
8.20	22.30	24.50	22.10	20.30	0.70	3.10	0.00	0.00
8.30	22.30	24.50	22.10	20.30	0.70	3.10	0.00	0.00
8.40	22.30	24.50	22.10	20.30	0.50	2.80	0.00	0.00
8.50	22.30	24.40	22.20	20.30	1.30	2.50	0.00	0.00
8.60	22.20	24.50	22.20	20.40	0.70	2.70	0.00	0.00
8.70	22.20	24.50	22.20	20.40	1.10	2.80	0.00	0.00
8.80	22.40	24.50	22.20	20.40	0.70	3.00	0.00	0.00
8.90	22.40	24.50	22.20	20.40	0.80	2.80	0.00	0.00
9.00	22.30	24.60	22.10	20.30	0.80	2.80	0.00	0.00
9.10	22.30	24.60	22.20	20.40	1.00	2.80	0.00	0.00
9.20	22.30	24.60	22.20	20.40	1.00	2.80	0.00	0.00
9.30	22.30	24.60	22.20	20.30	1.00	2.80	0.00	0.00
9.40	22.30	24.50	22.20	20.30	1.00	2.70	0.00	0.00
9.50	22.30	24.50	22.20	20.30	1.00	3.10	0.00	0.00
9.60	22.30	24.60	22.30	20.40	1.00	1.10	0.00	0.00
9.70	22.30	24.60	22.30	20.40	0.80	3.40	0.00	0.00
9.80	22.30	24.60	22.30	20.40	1.30	2.50	0.00	0.00
9.90	22.30	24.50	22.20	20.30	1.00	3.10	0.00	0.00
10.00	22.20	24.40	22.20	20.40	0.80	2.70	0.00	0.00
10.10	22.20	24.40	22.20	20.40	0.80	2.70	0.00	0.00
10.20	22.40	24.50	22.20	20.30	0.80	2.50	0.00	0.00
10.30	22.30	24.60	22.20	20.40	1.60	3.00	0.00	0.00
10.40	22.30	24.60	22.20	20.40	1.80	2.80	0.00	0.00
10.50	22.70	24.50	22.20	20.30	1.80	2.40	0.00	0.00
10.60	22.70	24.50	22.20	20.40	1.30	3.00	0.00	0.00
10.70	22.70	24.50	22.20	20.40	1.80	2.70	0.00	0.00
10.80	22.80	24.60	22.20	20.40	1.80	2.80	0.00	0.00
10.90	22.90	24.60	22.40	20.50	1.30	3.00	0.00	0.00
11.00	22.90	24.60	22.40	20.50	1.30	3.00	0.00	0.00
11.10	22.80	24.40	22.20	20.30	1.60	2.50	0.00	0.00
11.20	22.80	24.50	22.20	20.40	1.50	2.70	0.00	0.00
11.30	22.80	24.50	22.20	20.40	1.80	2.50	0.00	0.00
11.40	22.80	24.50	22.20	20.30	1.50	2.80	0.00	0.00
11.50	22.90	24.60	22.30	20.50	1.30	3.00	0.00	0.00
11.60	22.90	24.60	22.30	20.50	1.60	2.70	0.00	0.00
11.70	22.70	24.30	22.00	20.30	1.80	2.70	0.00	0.00
11.80	22.70	24.30	22.00	20.30	1.90	2.70	0.00	0.00
11.90	22.80	24.50	22.20	20.40	1.90	2.70	0.00	0.00
12.00	22.70	24.50	22.30	20.40	1.50	2.50	0.00	0.00
12.10	22.70	24.50	22.30	20.40	1.80	2.70	0.00	0.00
12.20	22.80	24.50	22.20	20.50	1.50	2.70	0.00	0.00
12.30	22.80	24.50	22.20	20.50	1.60	2.80	0.00	0.00
12.40	22.70	24.40	22.20	20.30	1.90	3.10	0.00	0.00
12.50	22.60	24.40	22.10	20.40	1.60	2.70	0.00	0.00
12.60	22.60	24.40	22.10	20.40	1.50	2.80	0.00	0.00
12.70	22.60	24.50	22.10	20.20	1.50	3.00	0.00	0.00
12.80	22.60	24.50	22.20	20.30	1.30	2.70	0.00	0.00
12.90	22.60	24.50	22.20	20.30	1.80	2.70	0.00	0.00
13.00	22.60	24.60	22.40	20.40	1.90	3.00	0.00	0.00
13.10	22.60	24.40	22.20	20.40	1.80	2.50	0.00	0.00
13.20	22.60	24.40	22.20	20.40	2.10	2.70	0.00	0.00
13.30	22.50	24.60	22.20	20.30	1.50	3.30	0.00	0.00
13.40	22.60	24.50	22.20	20.40	1.60	2.80	0.00	0.00
13.50	22.60	24.50	22.20	20.40	2.10	3.00	0.00	0.00
13.60	22.50	24.30	22.10	20.30	1.80	2.50	0.00	0.00
13.70	22.60	24.40	22.10	20.30	1.10	2.70	0.00	0.00
13.80	22.60	24.40	22.10	20.30	1.10	2.70	0.00	0.00
13.90	22.60	24.50	22.30	20.20	1.50	2.70	0.00	0.00
14.00	22.70	24.50	22.30	20.30	1.50	2.70	0.00	0.00
14.10	22.70	24.50	22.30	20.30	1.50	3.10	0.00	0.00
14.20	22.60	24.50	22.30	20.40	1.30	2.70	0.00	0.00
14.30	22.60	24.40	22.00	20.30	1.60	2.70	0.00	0.00
14.40	22.60	24.40	22.00	20.30	1.30	3.00	0.00	0.00
14.50	22.60	24.50	22.20	20.30	1.60	2.80	0.00	0.00
14.60	22.60	24.60	22.20	20.40	1.50	2.70	0.00	0.00
14.70	22.60	24.60	22.20	20.40	1.50	3.30	0.00	0.00
14.80	22.60	24.60	22.10	20.40	1.50	3.30	0.00	0.00
14.90	22.80	24.40	22.20	20.40	1.60	3.00	0.00	0.00
15.00	22.80	24.40	22.20	20.40	2.10	3.00	0.00	0.00
15.10	22.60	24.40	22.20	20.20	1.80	2.50	0.00	0.00
15.20	22.50	24.40	22.10	20.30	1.80	3.00	0.00	0.00
15.30	22.50	24.40	22.10	20.30	1.30	2.70	0.00	0.00
15.40	22.60	24.60	22.20	20.40	1.60	2.70	0.00	0.00
15.50	22.80	24.60	22.40	20.40	1.50	2.80	0.00	0.00
15.60	22.80	24.60	22.40	20.40	1.80	3.00	0.00	0.00
15.70	22.60	24.60	22.30	20.40	1.80	3.00	0.00	0.00
15.80	22.80	24.50	22.20	20.40	1.60	2.70	0.00	0.00
15.90	22.80	24.50	22.20	20.40	1.50	2.40	0.00	0.00
16.00	22.50	24.40	22.20	20.30	1.50	3.00	0.00	0.00
16.10	22.70	24.40	22.30	20.20	1.80	2.80	0.00	0.00
16.20	22.70	24.40	22.30	20.20	1.80	3.00	0.00	0.00
16.30	22.60	24.30	22.10	20.30	1.30	2.80	0.00	0.00
16.40	22.70	24.50	22.30	20.30	1.60	2.80	0.00	0.00
16.50	22.70	24.50	22.30	20.30	1.50	3.10	0.00	0.00
16.60	22.70	24.50	22.20	20.30	1.50	3.10	0.00	0.00
16.70	22.70	24.50	22.20	20.30	1.30	3.00	0.00	0.00
16.80	22.60	24.30	22.10	20.20	1.80	2.80	0.81	0.00
16.90	22.70	24.50	22.20	20.40	1.60	2.80	44.31	0.00
17.00	22.70	24.50	22.20	20.40	1.80	3.10	42.99	0.00
17.10	22.80	24.40	22.10	20.30	2.40	3.00	42.11	0.00
17.20	22.90	24.40	22.20	20.30	2.20	3.00	44.57	0.00
17.30	22.90	24.40	22.20	20.30	3.10	2.70	47.11	0.00
17.40	23.00	24.50	22.20	20.30	2.50	2.20	49.76	0.00
17.50	23.30	24.40	22.10	20.30	2.50	2.20	51.01	0.00
17.60	23.30	24.40	22.10	20.30	2.20	3.00	50.89	0.00
17.70	23.40	24.40	22.30	20.30	3.00	2.40	50.60	0.00
17.80	23.40	24.40	22.30	20.30	3.10	2.50	50.30	0.00
17.90	23.60	24.30	22.20	20.20	3.10	2.50	50.07	0.00
18.00	23.60	24.30	22.20	20.20	3.30	2.80	49.91	0.00
18.10	23.90	24.60	22.20	20.30	3.60	2.80	49.81	0.00
18.20	23.90	24.50	22.10	20.30	3.60	2.80	49.75	0.00
18.30	23.90	24.50	22.10	20.30	3.80	2.80	49.67	0.00
18.40	24.20	24.50	22.30	20.40	3.90	2.40	49.61	0.00
18.50	24.30	24.40	22.20	20.30	3.90	2.40	49.62	0.00
18.60	24.30	24.40	22.20	20.30	4.50	2.70	49.73	0.00
18.70	24.40	24.50	22.20	20.20	4.70	3.10	49.99	0.00
18.80	24.70	24.40	22.20	20.30	4.70	3.10	50.11	0.00
18.90	24.70	24.40	22.20	20.30	4.70	2.70	50.14	0.00
19.00	24.80	24.40	22.30	20.30	4.80	2.80	50.11	0.00
19.10	24.80	24.40	22.30	20.40	4.80	2.70	50.02	0.00
19.20	24.80	24.40	22.30	20.40	5.30	2.80	49.98	0.00
19.30	24.80	24.30	22.30	20.40	5.00	3.10	49.94	0.00
19.40	24.80	24.40	22.20	20.20	5.00	3.10	49.89	0.00
19.50	24.80	24.40	22.20	20.20	4.70	3.00	49.82	0.00
19.60	25.00	24.60	22.20	20.30	5.50	2.20	49.80	0.00
19.70	25.00	24.60	22.20	20.30	5.80	3.10	49.78	0.00
19.80	25.20	24.60	22.20	20.40	6.20	2.80	49.75	0.00
19.90	25.30	24.40	22.20	20.30	6.40	2.50	49.93	0.00
20.00	25.30	24.40	22.20	20.30	5.90	2.70	50.38	0.00
20.10	25.20	24.40	22.20	20.30	6.20	3.30	50.39	0.00
20.20	25.20	24.40	22.20	20.30	6.20	3.00	50.31	0.00
20.30	25.20	24.40	22.20	20.30	6.50	3.00	50.19	0.00
20.40	25.30	24.60	22.30	20.30	6.50	3.00	50.04	0.00
20.50	25.30	24.60	22.30	20.30	7.10	3.00	50.00	0.00
20.60	25.40	24.40	22.20	20.30	7.00	3.30	49.92	0.00
20.70	25.40	24.40	22.10	20.20	7.30	2.50	49.91	0.00
20.80	25.40	24.40	22.10	20.20	7.10	2.80	49.91	0.00
20.90	25.40	24.30	22.20	20.20	7.80	3.00	49.82	0.00
21.00	25.60	24.50	22.30	20.40	7.80	3.30	49.81	0.00
21.10	25.60	24.50	22.30	20.40	7.90	2.70	49.72	0.00
21.20	25.40	24.30	22.10	20.30	7.50	2.80	49.42	0.00
21.30	25.60	24.30	22.10	20.20	8.20	2.70	49.59	0.00
21.40	25.60	24.30	22.10	20.20	8.20	3.00	49.61	0.00
21.50	25.50	24.20	22.10	20.20	7.50	3.10	49.36	0.00
21.60	25.70	24.50	22.20	20.30	8.20	1.60	49.51	0.00
21.70	25.70	24.50	22.20	20.30	8.50	2.80	49.56	0.00
21.80	25.80	24.40	22.30	20.30	8.80	3.00	49.78	0.00
21.90	25.80	24.40	22.30	20.30	8.70	2.70	50.28	0.00
22.00	26.00	24.40	22.20	20.30	8.80	2.70	50.46	0.00
22.10	25.90	24.30	22.20	20.20	9.00	2.80	50.39	0.00
22.20	25.90	24.30	22.20	20.20	9.30	2.80	50.24	0.00
22.30	25.90	24.30	22.10	20.20	9.30	3.30	50.23	0.00
22.40	25.90	24.40	22.30	20.30	9.30	2.80	50.06	0.00
22.50	25.90	24.40	22.30	20.30	9.30	2.70	49.99	0.00
22.60	26.00	24.40	22.10	20.40	9.50	3.00	50.00	0.00
22.70	26.00	24.40	22.10	20.40	9.60	3.10	49.98	0.00
22.80	26.10	24.50	22.30	20.50	10.10	2.80	49.94	0.00
22.90	26.20	24.40	22.20	20.30	9.90	2.50	49.98	0.00
23.00	26.20	24.40	22.20	20.30	10.20	2.70	49.94	0.00
23.10	26.20	24.30	22.10	20.30	10.40	2.80	49.91	0.00
23.20	26.20	24.30	22.10	20.30	10.40	2.80	49.88	0.00
23.30	26.20	24.30	22.10	20.30	10.40	2.80	49.92	0.00
23.40	26.20	24.30	22.20	20.30	10.40	2.70	49.96	0.00
23.50	26.20	24.40	22.20	20.30	10.80	3.10	49.95	0.00
23.60	26.20	24.40	22.20	20.30	11.00	3.00	49.92	0.00
23.70	26.40	24.40	22.20	20.40	11.20	2.70	49.89	0.00
23.80	26.40	24.40	22.20	20.40	11.00	2.80	49.91	0.00
23.90	26.40	24.40	22.10	20.40	11.60	3.10	49.89	0.00
24.00	26.40	24.30	22.10	20.30	10.70	3.10	49.88	0.00
24.10	26.40	24.30	22.10	20.30	12.50	2.70	49.88	0.00
24.20	26.50	24.40	22.20	20.40	11.80	2.70	49.92	0.00
24.30	26.40	24.30	22.10	20.30	11.90	3.00	49.88	0.00
24.40	26.40	24.30	22.10	20.30	11.90	2.50	49.89	0.00
24.50	26.50	24.50	22.30	20.50	11.90	2.80	49.88	0.00
24.60	26.60	24.30	22.10	20.30	12.40	3.40	49.92	0.00
24.70	26.60	24.30	22.10	20.30	12.40	3.10	49.92	0.00
24.80	26.50	24.50	22.20	20.40	13.00	2.80	49.87	0.00
24.90	26.60	24.30	22.30	20.30	12.70	2.80	49.89	0.00
25.00	26.60	24.30	22.30	20.30	12.80	3.00	49.87	0.00
25.10	26.60	24.40	22.10	20.40	12.80	3.00	49.89	0.00
25.20	26.60	24.40	22.10	20.40	12.80	2.70	49.88	0.00
25.30	26.70	24.50	22.30	20.40	13.30	3.10	49.88	0.00
25.40	26.70	24.50	22.30	20.40	13.50	1.90	49.88	0.00
25.50	26.70	24.50	22.30	20.40	13.60	3.00	49.87	0.00
25.60	26.80	24.50	22.30	20.40	13.80	2.80	49.85	0.00
25.70	26.70	24.40	22.30	20.40	13.80	2.80	49.91	0.00
25.80	26.70	24.40	22.30	20.40	14.10	2.80	49.85	0.00
25.90	26.90	24.40	22.30	20.40	13.80	3.30	49.87	0.00
26.00	26.80	24.50	22.20	20.30	14.10	3.10	49.88	0.00
26.10	26.80	24.50	22.20	20.30	14.10	3.10	49.85	0.00
26.20	26.90	24.40	22.30	20.40	14.40	2.80	49.88	0.00
26.30	26.90	24.30	22.20	20.40	14.70	2.80	49.86	0.00
26.40	26.90	24.30	22.20	20.40	14.80	3.30	49.88	0.00
26.50	26.90	24.40	22.20	20.40	15.00	3.00	49.88	0.00
26.60	26.90	24.40	22.20	20.40	15.00	3.10	49.88	0.00
26.70	27.00	24.50	22.30	20.40	15.00	3.00	49.88	0.00
26.80	27.10	24.30	22.20	20.30	15.50	3.00	49.86	0.00
26.90	27.10	24.30	22.20	20.30	15.00	2.80	49.82	0.00
27.00	27.10	24.30	22.20	20.40	15.20	3.00	49.85	0.00
27.10	27.00	24.40	22.30	20.40	15.20	3.00	49.82	0.00
27.20	27.00	24.40	22.30	20.40	15.80	3.30	49.86	0.00
27.30	27.10	24.50	22.30	20.30	15.60	2.80	49.83	0.00
27.40	27.00	24.30	22.30	20.40	15.80	2.80	49.82	0.00
27.50	27.00	24.30	22.30	20.40	15.90	2.70	49.82	0.00
27.60	27.10	24.40	22.20	20.30	16.20	2.70	49.82	0.00
27.70	27.20	24.50	22.30	20.50	16.50	3.00	49.83	0.00
27.80	27.20	24.50	22.30	20.50	16.50	3.00	49.81	0.00
27.90	27.10	24.40	22.20	20.30	16.80	3.10	49.79	0.00
28.00	27.10	24.40	22.20	20.30	16.50	2.80	49.80	0.00
28.10	27.10	24.40	22.20	20.30	16.50	2.80	49.80	0.00
28.20	27.10	24.40	22.30	20.30	16.80	2.70	49.70	0.00
28.30	27.20	24.40	22.20	20.40	16.80	2.80	50.43	0.00
28.40	27.20	24.40	22.20	20.40	17.20	3.10	51.11	0.00
28.50	27.20	24.30	22.20	20.40	17.80	3.00	50.92	0.00
28.60	27.20	24.40	22.30	20.30	17.90	3.10	50.77	0.00
28.70	27.20	24.40	22.30	20.30	17.80	2.70	50.37	0.00
28.80	27.10	24.30	22.10	20.20	18.10	2.80	50.12	0.00
28.90	27.20	24.50	22.10	20.40	17.80	2.50	50.00	0.00
29.00	27.20	24.50	22.10	20.40	17.80	2.50	49.98	0.00
29.10	27.30	24.40	22.20	20.40	18.20	2.70	49.95	0.00
29.20	27.30	24.40	22.10	20.30	18.50	2.50	49.94	0.00
29.30	27.30	24.40	22.10	20.30	18.70	3.10	49.86	0.00
29.40	27.20	24.20	22.20	20.20	18.80	3.10	49.94	0.00
29.50	27.40	24.30	22.20	20.40	18.50	3.10	49.91	0.00
29.60	27.40	24.30	22.20	20.40	19.30	3.00	49.94	0.00
29.70	27.20	24.30	22.30	20.30	19.20	3.00	49.96	0.00
29.80	27.30	24.30	22.10	20.20	19.20	3.10	49.95	0.00
29.90	27.30	24.30	22.10	20.20	19.50	2.80	49.89	0.00
30.00	27.40	24.40	22.20	20.30	19.50	2.80	49.95	0.00
30.10	27.50	24.30	22.20	20.40	19.50	2.80	49.88	0.00
30.20	27.50	24.30	22.20	20.40	19.60	2.80	49.92	0.00
30.30	27.50	24.40	22.20	20.30	19.60	2.80	49.91	0.00
30.40	27.30	24.30	22.10	20.20	20.20	2.80	49.88	0.00
30.50	27.30	24.30	22.10	20.20	20.10	2.80	49.89	0.00
30.60	27.40	24.20	22.10	20.30	19.90	2.70	49.87	0.00
30.70	27.60	24.30	22.20	20.40	20.20	2.50	49.88	0.00
30.80	27.60	24.30	22.20	20.40	20.50	3.30	49.87	0.00
30.90	27.40	24.30	22.20	20.40	20.50	3.30	49.86	0.00
31.00	27.40	24.30	22.20	20.40	20.90	3.00	49.92	0.00
31.10	27.40	24.40	22.20	20.40	20.70	2.80	49.93	0.00
31.20	27.40	24.40	22.20	20.30	20.90	3.10	49.94	0.00
31.30	27.40	24.40	22.20	20.30	21.30	3.00	49.96	0.00
31.40	27.40	24.10	22.10	20.30	21.50	3.10	49.92	0.00
31.50	27.40	24.30	22.20	20.30	21.50	2.80	49.87	0.00
31.60	27.40	24.30	22.20	20.30	21.80	3.00	49.98	0.00
31.70	27.60	24.30	22.20	20.40	21.80	2.50	49.95	0.00
31.80	27.60	24.40	22.10	20.30	22.20	1.90	49.92	0.00
31.90	27.60	24.40	22.10	20.30	22.20	1.90	49.88	0.00
32.00	27.60	24.40	22.20	20.30	22.20	2.50	49.91	0.00
32.10	27.60	24.40	22.20	20.40	21.90	3.00	49.93	0.00
32.20	27.60	24.40	22.20	20.40	22.10	2.80	49.88	0.00
32.30	27.70	24.40	22.20	20.40	22.70	2.50	49.93	0.00
32.40	27.60	24.40	22.10	20.40	22.90	3.40	49.87	0.00
32.50	27.60	24.40	22.10	20.40	22.50	2.70	49.93	0.00
32.60	27.70	24.40	22.20	20.40	22.90	2.70	49.95	0.00
32.70	27.60	24.30	22.20	20.20	23.30	2.80	49.87	0.00
32.80	27.60	24.30	22.20	20.20	23.30	2.80	49.87	0.00
32.90	27.70	24.30	22.20	20.40	23.30	3.00	49.88	0.00
33.00	27.70	24.30	22.20	20.30	22.70	3.10	49.91	0.00
33.10	27.70	24.30	22.20	20.30	23.50	3.60	49.89	0.00
33.20	27.60	24.30	22.30	20.30	23.80	3.00	49.87	0.00
33.30	27.60	24.30	22.30	20.30	23.90	3.00	49.88	0.00
33.40	27.70	24.30	22.20	20.30	23.80	3.10	49.87	0.00
33.50	27.70	24.40	22.20	20.40	24.40	3.00	49.88	0.00
33.60	27.70	24.40	22.20	20.40	24.10	3.00	49.89	0.00
33.70	27.70	24.40	22.30	20.40	24.50	2.50	49.91	0.00
33.80	27.80	24.30	22.30	20.40	24.50	2.50	49.85	0.00
33.90	27.80	24.30	22.30	20.40	24.70	3.10	49.88	0.00
34.00	27.80	24.40	22.30	20.40	24.70	2.50	49.85	0.00
34.10	27.80	24.40	22.30	20.40	24.90	3.10	49.89	0.00
34.20	27.70	24.30	22.00	20.30	25.20	2.70	49.89	0.00
34.30	27.70	24.40	22.20	20.30	25.20	3.00	49.88	0.00
34.40	27.70	24.40	22.20	20.30	25.00	2.80	49.89	0.00
34.50	27.80	24.30	22.20	20.40	25.60	3.00	49.88	0.00
34.60	27.80	24.30	22.20	20.40	25.50	2.70	49.86	0.00
34.70	27.70	24.30	22.20	20.30	25.60	3.30	49.89	0.00
34.80	27.80	24.30	22.20	20.30	25.60	3.30	49.85	0.00
34.90	27.80	24.30	22.20	20.30	25.80	3.00	49.83	0.00
35.00	27.80	24.30	22.10	20.20	25.90	2.70	49.86	0.00
35.10	27.80	24.40	22.20	20.20	26.40	2.70	49.82	0.00
35.20	27.80	24.40	22.20	20.20	26.50	2.80	49.86	0.00
35.30	27.90	24.30	22.20	20.40	26.70	2.50	49.85	0.00
35.40	27.90	24.40	22.20	20.30	26.90	2.70	49.82	0.00
35.50	27.90	24.40	22.20	20.30	27.00	2.70	49.80	0.00
35.60	27.90	24.30	22.20	20.30	27.00	2.40	49.80	0.00
35.70	27.90	24.30	22.30	20.30	27.00	2.40	49.79	0.00
35.80	27.90	24.30	22.30	20.30	26.70	3.10	49.78	0.00
35.90	27.80	24.30	22.10	20.40	26.90	3.10	49.75	0.00
36.00	27.80	24.30	22.10	20.40	27.20	3.10	49.75	0.00
36.10	27.80	24.30	22.20	20.30	27.30	2.80	49.74	0.00
36.20	27.80	24.30	22.20	20.30	27.20	3.00	49.78	0.00
36.30	28.00	24.30	22.20	20.40	27.90	2.50	51.08	0.00
36.40	28.00	24.40	22.30	20.50	27.80	2.80	51.01	0.00
36.50	28.00	24.40	22.30	20.50	28.10	3.00	50.83	0.00
36.60	28.00	24.40	22.20	20.30	28.10	3.00	50.40	0.00
36.70	28.10	24.50	22.20	20.40	28.10	3.00	50.01	0.00
36.80	28.10	24.50	22.20	20.40	28.70	2.70	49.96	0.00
36.90	27.90	24.30	22.10	20.30	28.90	2.80	50.00	0.00
37.00	28.00	24.30	22.20	20.40	28.70	2.40	49.94	0.00
37.10	28.00	24.30	22.20	20.40	29.00	3.10	49.95	0.00
37.20	27.90	24.30	22.20	20.30	28.90	2.80	49.93	0.00
37.30	27.90	24.30	22.20	20.30	29.20	2.70	49.91	0.00
37.40	28.10	24.40	22.30	20.30	29.20	3.00	49.92	0.00
37.50	28.00	24.40	22.20	20.50	29.30	2.80	49.91	0.00
37.60	28.00	24.40	22.20	20.50	29.30	2.80	49.88	0.00
37.70	28.00	24.20	22.10	20.30	29.90	2.70	49.93	0.00
37.80	28.00	24.30	22.20	20.40	29.80	2.80	49.91	0.00
37.90	28.00	24.30	22.20	20.40	29.90	2.50	49.88	0.00
38.00	28.10	24.40	22.30	20.40	29.60	2.80	49.92	0.00
38.10	28.10	24.40	22.30	20.40	30.10	2.80	49.89	0.00
38.20	28.00	24.30	22.30	20.30	30.60	2.70	49.94	0.00
38.30	27.90	24.30	22.20	20.30	30.20	2.20	49.92	0.00
38.40	27.90	24.30	22.20	20.30	30.70	2.80	49.98	0.00
38.50	28.20	24.40	22.40	20.40	30.60	2.80	49.92	0.00
38.60	28.10	24.40	22.30	20.40	30.60	2.80	49.91	0.00
38.70	28.10	24.40	22.30	20.40	30.90	2.80	49.87	0.00
38.80	28.00	24.20	22.20	20.20	31.00	2.70	49.92	0.00
38.90	28.00	24.20	22.20	20.20	31.00	2.80	49.88	0.00
39.00	28.10	24.30	22.20	20.40	31.30	3.00	49.88	0.00
39.10	28.10	24.30	22.20	20.40	31.60	3.00	49.93	0.00
39.20	28.10	24.30	22.10	20.20	31.80	2.70	49.93	0.00
39.30	28.10	24.10	22.10	20.30	31.60	2.70	49.92	0.00
39.40	28.10	24.10	22.10	20.30	31.60	2.40	49.89	0.00
39.50	28.20	24.40	22.30	20.40	32.40	3.00	49.87	0.00
39.60	28.20	24.40	22.30	20.40	32.40	3.00	49.91	0.00
39.70	28.10	24.20	22.20	20.20	32.10	2.80	49.82	0.00
39.80	28.10	24.40	22.10	20.10	32.40	3.10	49.89	0.00
39.90	28.10	24.30	22.20	20.40	32.40	2.50	49.86	0.00
40.00	28.10	24.30	22.20	20.40	32.70	2.80	49.89	0.00
40.10	28.10	24.40	22.30	20.20	33.00	2.70	49.89	0.00
40.20	28.10	24.40	22.30	20.20	32.90	3.00	49.85	0.00
40.30	28.20	24.30	22.20	20.20	33.20	2.50	49.87	0.00
40.40	28.20	24.30	22.20	20.30	33.30	2.70	49.87	0.00
40.50	28.20	24.30	22.20	20.30	33.30	2.70	49.86	0.00
40.60	28.30	24.20	22.20	20.40	33.30	2.70	49.85	0.00
40.70	28.20	24.30	22.20	20.40	33.50	2.80	49.79	0.00
40.80	28.20	24.30	22.20	20.40	34.10	2.50	49.86	0.00
40.90	28.20	24.30	22.30	20.40	34.10	2.80	49.79	0.00
41.00	28.30	24.30	22.30	20.40	33.90	2.80	49.82	0.00
41.10	28.30	24.30	22.30	20.40	34.20	3.00	49.83	0.00
41.20	28.20	24.30	22.20	20.30	34.40	2.80	49.83	0.00
41.30	28.20	24.40	22.20	20.40	34.40	3.00	49.81	0.00
41.40	28.20	24.40	22.20	20.40	34.40	3.00	49.85	0.00
41.50	28.30	24.30	22.30	20.40	34.70	2.80	49.80	0.00
41.60	28.20	24.30	22.20	20.30	34.60	3.00	49.83	0.00
41.70	28.20	24.30	22.20	20.30	34.90	3.00	49.85	0.00
41.80	28.20	24.30	22.20	20.30	35.50	2.80	49.80	0.00
41.90	28.20	24.30	22.20	20.30	35.20	2.50	49.75	0.00
42.00	28.30	24.40	22.30	20.40	35.30	3.00	49.69	0.00
42.10	28.10	24.30	22.20	20.20	35.60	2.80	49.73	0.00
42.20	28.10	24.30	22.20	20.20	35.60	3.10	49.81	0.00
42.30	28.30	24.20	22.20	20.30	36.20	2.80	50.77	0.00
42.40	28.30	24.20	22.20	20.30	35.80	3.00	50.79	0.00
42.50	28.40	24.40	22.20	20.40	36.40	2.50	50.68	0.00
42.60	28.30	24.30	22.10	20.20	36.10	2.70	50.53	0.00
42.70	28.30	24.30	22.10	20.20	36.60	2.40	50.36	0.00
42.80	28.30	24.30	22.30	20.40	36.20	2.80	50.28	0.00
42.90	28.20	24.30	22.20	20.30	36.90	2.80	50.15	0.00
43.00	28.20	24.30	22.20	20.30	36.70	2.70	49.98	0.00
43.10	28.30	24.40	22.30	20.40	36.70	3.00	50.02	0.00
43.20	28.30	24.30	22.30	20.20	37.00	3.10	49.95	0.00
43.30	28.30	24.30	22.30	20.20	37.00	3.10	49.88	0.00
43.40	28.30	24.40	22.20	20.40	37.30	3.10	49.94	0.00
43.50	28.30	24.40	22.20	20.40	37.30	3.10	49.87	0.00
43.60	28.30	24.40	22.20	20.30	37.60	3.00	49.89	0.00
43.70	28.40	24.40	22.30	20.40	37.30	2.70	49.87	0.00
43.80	28.40	24.40	22.30	20.40	37.80	3.00	49.83	0.00
43.90	28.30	24.20	22.10	20.30	37.80	2.70	49.88	0.00
44.00	28.30	24.20	22.20	20.40	37.90	2.80	49.83	0.00
44.10	28.30	24.20	22.20	20.40	37.90	2.80	49.83	0.00
44.20	28.20	24.20	22.20	20.40	38.60	2.80	49.85	0.00
44.30	28.40	24.30	22.20	20.30	38.10	2.40	49.83	0.00
44.40	28.40	24.30	22.20	20.30	38.70	2.80	49.82	0.00
44.50	28.50	24.40	22.30	20.40	38.70	3.00	49.82	0.00
44.60	28.50	24.40	22.30	20.40	38.90	0.80	49.85	0.00
44.70	28.40	24.20	22.30	20.40	38.70	2.80	49.83	0.00
44.80	28.20	24.10	21.90	20.20	39.30	2.70	49.81	0.00
44.90	28.20	24.10	21.90	20.20	39.50	3.00	49.87	0.00
45.00	28.50	24.30	22.20	20.30	39.50	3.00	49.79	0.00
45.10	28.40	24.30	22.20	20.50	39.60	3.30	49.80	0.00
45.20	28.40	24.30	22.20	20.50	39.90	3.60	49.79	0.00
45.30	28.20	24.30	22.10	20.40	39.80	2.50	49.80	0.00
45.40	28.40	24.20	22.30	20.30	39.60	2.80	49.79	0.00
45.50	28.40	24.20	22.30	20.30	40.10	2.80	49.73	0.00
45.60	28.20	24.20	22.20	20.30	39.90	2.80	49.72	0.00
45.70	28.30	24.20	22.20	20.30	39.90	2.70	49.68	0.00
45.80	28.30	24.20	22.20	20.30	40.60	2.80	49.66	0.00
45.90	28.30	24.20	22.20	20.30	40.60	2.80	49.93	0.00
46.00	28.40	24.30	22.20	20.30	40.90	2.80	50.57	0.00
46.10	28.40	24.30	22.20	20.30	39.80	3.00	50.59	0.00
46.20	28.40	24.30	22.30	20.40	40.90	2.80	50.46	0.00
46.30	28.50	24.20	22.20	20.30	41.20	2.70	50.38	0.00
46.40	28.50	24.20	22.20	20.30	41.00	2.70	50.31	0.00
46.50	28.30	24.10	22.20	20.30	41.50	2.70	50.23	0.00
46.60	28.30	24.30	22.30	20.30	41.30	2.70	50.11	0.00
46.70	28.30	24.30	22.30	20.30	41.80	2.80	50.07	0.00
46.80	28.30	24.10	22.20	20.30	41.80	2.80	50.02	0.00
46.90	28.40	24.40	22.20	20.40	41.90	2.50	49.93	0.00
47.00	28.40	24.40	22.20	20.40	41.80	2.80	49.98	0.00
47.10	28.30	24.20	22.10	20.20	41.90	2.70	49.92	0.00
47.20	28.30	24.20	22.20	20.30	42.60	2.80	49.86	0.00
47.30	28.30	24.20	22.20	20.30	42.60	2.70	49.81	0.00
47.40	28.30	24.30	22.30	20.20	42.60	2.70	49.78	0.00
47.50	28.30	24.30	22.30	20.20	42.70	3.10	49.79	0.00
47.60	28.40	24.30	22.20	20.30	43.00	3.00	49.79	0.00
47.70	28.40	24.30	22.30	20.40	43.00	3.00	49.80	0.00
47.80	28.40	24.30	22.30	20.40	43.00	3.00	49.73	0.00
47.90	28.50	24.30	22.40	20.40	43.00	2.70	49.73	0.00
48.00	28.40	24.30	22.20	20.30	42.60	2.80	49.75	0.00
48.10	28.40	24.30	22.20	20.30	43.50	3.80	49.63	0.00
48.20	28.40	24.20	22.30	20.40	43.80	3.00	49.66	0.00
48.30	28.40	24.30	22.20	20.50	43.60	3.10	49.69	0.00
48.40	28.40	24.30	22.20	20.50	43.80	2.40	50.45	0.00
48.50	28.30	24.20	22.30	20.40	43.80	3.30	50.47	0.00
48.60	28.50	24.30	22.10	20.30	43.90	2.50	50.39	0.00
48.70	28.50	24.30	22.10	20.30	44.30	2.50	50.26	0.00
48.80	28.40	24.20	22.20	20.40	44.30	3.40	50.20	0.00
48.90	28.40	24.40	22.40	20.50	44.40	2.80	50.07	0.00
49.00	28.40	24.40	22.40	20.50	44.60	2.50	50.05	0.00
49.10	28.50	24.20	22.20	20.30	44.40	2.70	49.98	0.00
49.20	28.60	24.40	22.20	20.40	44.40	2.70	49.94	0.00
49.30	28.60	24.40	22.20	20.40	44.90	2.80	49.93	0.00
49.40	28.40	24.10	22.30	20.40	45.20	2.80	49.91	0.00
49.50	28.40	24.30	22.30	20.40	45.30	2.70	49.85	0.00
49.60	28.40	24.30	22.30	20.40	45.30	2.70	49.85	0.00
49.70	28.30	24.20	22.20	20.40	45.50	2.70	49.82	0.00
49.80	28.30	24.20	22.10	20.30	45.90	3.10	49.78	0.00
49.90	28.30	24.20	22.10	20.30	46.10	2.50	49.75	0.00
50.00	28.40	24.20	22.20	20.30	45.60	2.50	49.74	0.00
50.10	28.40	24.10	22.20	20.30	46.30	3.00	49.69	0.00
50.20	28.40	24.10	22.20	20.30	45.90	2.80	49.63	0.00
50.30	28.50	24.20	22.20	20.50	46.30	2.70	49.62	0.00
50.40	28.50	24.20	22.20	20.50	46.40	3.10	49.55	0.00
50.50	28.50	24.30	22.30	20.50	46.30	2.80	49.51	0.00
50.60	28.50	24.40	22.30	20.50	46.90	3.00	49.47	0.00
50.70	28.30	24.20	22.20	20.40	46.60	2.80	50.06	0.00
50.80	28.30	24.20	22.20	20.40	47.00	2.80	50.78	0.00
50.90	28.30	24.20	22.20	20.40	47.00	3.00	50.79	0.00
51.00	28.30	24.20	22.20	20.40	47.00	2.80	50.73	0.00
51.10	28.40	24.30	22.40	20.40	47.50	3.00	50.47	0.00
51.20	28.40	24.10	22.20	20.30	47.90	3.10	50.31	0.00
51.30	28.40	24.10	22.20	20.30	47.60	2.80	50.17	0.00
51.40	28.30	24.20	22.20	20.30	47.30	2.80	50.10	0.00
51.50	28.40	24.20	22.10	20.20	47.30	2.80	50.06	0.00
51.60	28.40	24.20	22.10	20.20	48.10	3.30	49.94	0.00
51.70	28.40	24.30	22.30	20.30	48.60	2.80	49.94	0.00
51.80	28.40	24.20	22.10	20.30	48.30	2.70	49.96	0.00
51.90	28.40	24.20	22.10	20.30	48.60	2.80	49.88	0.00
52.00	28.50	24.20	22.30	20.30	48.90	2.80	49.85	0.00
52.10	28.50	24.20	22.30	20.40	49.00	2.80	49.86	0.00
52.20	28.50	24.20	22.30	20.40	47.50	3.10	49.83	0.00
52.30	28.40	24.10	22.20	20.40	49.20	3.00	49.81	0.00
52.40	28.50	24.40	22.40	20.40	49.20	3.00	49.76	0.00
52.50	28.50	24.40	22.40	20.40	49.60	2.70	49.79	0.00
52.60	28.30	24.20	22.20	20.30	49.50	3.00	49.78	0.00
52.70	28.50	24.30	22.20	20.30	49.20	3.00	49.70	0.00
52.80	28.50	24.30	22.20	20.30	49.50	2.70	49.70	0.00
52.90	28.60	24.20	22.20	20.50	49.50	2.80	49.68	0.00
53.00	28.60	24.20	22.20	20.50	50.10	3.00	49.65	0.00
53.10	28.60	24.20	22.20	20.40	50.30	2.50	49.57	0.00
53.20	28.50	24.20	22.10	20.30	50.40	2.80	49.53	0.00
53.30	28.50	24.20	22.10	20.30	50.60	3.00	49.48	0.00
53.40	28.50	24.30	22.10	20.30	50.60	3.00	50.64	0.00
53.50	28.40	24.20	22.20	20.20	50.10	2.80	50.66	0.00
53.60	28.40	24.20	22.20	20.20	50.90	2.70	50.49	0.00
53.70	28.40	24.30	22.20	20.30	50.90	2.80	50.37	0.00
53.80	28.60	24.30	22.20	20.50	50.90	2.70	50.19	0.00
53.90	28.60	24.30	22.20	20.50	51.30	2.50	50.08	0.00
54.00	28.40	24.10	22.20	20.40	51.20	2.80	50.04	0.00
54.10	28.40	24.20	22.10	20.40	51.30	2.80	50.00	0.00
54.20	28.40	24.20	22.10	20.40	51.60	3.30	49.89	0.00
54.30	28.50	24.20	22.20	20.40	51.60	3.30	49.89	0.00
54.40	28.40	24.10	22.20	20.30	51.80	2.80	49.82	0.00
54.50	28.40	24.10	22.20	20.30	52.30	2.40	49.81	0.00
54.60	28.30	24.30	22.30	20.40	51.80	3.00	49.72	0.00
54.70	28.30	24.20	22.20	20.30	52.30	2.80	49.70	0.00
54.80	28.30	24.20	22.20	20.30	52.40	2.80	49.66	0.00
54.90	28.40	24.20	22.20	20.30	52.60	2.70	49.66	0.00
55.00	28.30	24.20	22.20	20.30	52.60	3.30	49.56	0.00
55.10	28.30	24.20	22.20	20.30	52.60	3.10	49.53	0.00
55.20	28.50	24.20	22.20	20.30	52.60	3.10	49.43	0.00
55.30	28.30	24.20	22.20	20.20	53.20	3.00	49.30	0.00
55.40	28.30	24.20	22.20	20.20	52.90	2.80	50.64	0.00
55.50	28.50	24.30	22.20	20.50	53.20	2.70	50.71	0.00
55.60	28.50	24.20	22.20	20.30	53.30	2.80	50.59	0.00
55.70	28.50	24.20	22.20	20.30	53.80	2.80	50.44	0.00
55.80	28.40	24.20	22.30	20.40	53.30	2.80	50.36	0.00
55.90	28.30	24.10	22.30	20.40	54.00	2.50	50.23	0.00
56.00	28.30	24.10	22.30	20.40	53.60	3.10	50.08	0.00
56.10	28.40	24.20	22.30	20.40	53.80	2.80	49.99	0.00
56.20	28.40	24.20	22.30	20.40	53.80	2.80	50.00	0.00
56.30	28.40	24.20	22.30	20.40	54.40	2.50	49.88	0.00
56.40	28.40	24.20	22.20	20.20	54.40	3.00	49.81	0.00
56.50	28.40	24.20	22.20	20.20	54.60	2.70	49.79	0.00
56.60	28.30	24.20	22.30	20.40	54.60	2.70	49.74	0.00
56.70	28.40	24.20	22.20	20.40	54.70	2.40	49.66	0.00
56.80	28.40	24.20	22.20	20.40	54.90	2.80	49.53	0.00
56.90	28.40	24.30	22.30	20.30	54.70	2.70	49.53	0.00
57.00	28.50	24.20	22.20	20.50	55.30	2.70	49.41	0.00
57.10	28.50	24.20	22.20	20.50	55.30	2.70	50.10	0.00
57.20	28.40	24.20	22.30	20.40	55.50	2.80	50.65	0.00
57.30	28.50	24.20	22.20	20.30	55.60	2.70	50.57	0.00
57.40	28.50	24.20	22.20	20.30	55.30	2.70	50.46	0.00
57.50	28.40	24.20	22.40	20.40	55.80	3.00	50.32	0.00
57.60	28.40	24.30	22.30	20.40	56.60	2.70	50.27	0.00
57.70	28.40	24.30	22.30	20.40	56.40	2.80	50.17	0.00
57.80	28.40	24.20	22.40	20.40	56.40	3.80	50.01	0.00
57.90	28.30	24.10	22.30	20.40	56.40	3.00	49.92	0.00
58.00	28.30	24.10	22.30	20.40	56.40	3.00	49.85	0.00
58.10	28.30	24.10	22.10	20.30	56.60	2.80	49.75	0.00
58.20	28.30	24.10	22.20	20.40	57.20	2.50	49.69	0.00
58.30	28.30	24.10	22.20	20.40	57.20	3.60	49.61	0.00
58.40	28.30	24.20	22.10	20.30	56.90	2.70	49.48	0.00
58.50	28.30	24.20	22.10	20.30	57.00	3.00	49.41	0.00
58.60	28.40	24.10	22.10	20.20	57.00	2.50	49.33	0.00
58.70	28.40	24.20	22.10	20.30	57.80	3.10	49.78	0.00
58.80	28.40	24.20	22.10	20.30	57.50	3.00	50.71	0.00
58.90	28.40	24.30	22.20	20.30	57.50	3.00	50.62	0.00
59.00	28.40	24.20	22.20	20.50	57.60	3.00	50.51	0.00
59.10	28.40	24.20	22.20	20.50	58.30	2.50	50.17	0.00
59.20	28.50	24.20	22.20	20.30	57.60	3.00	50.06	0.00
59.30	28.30	24.20	22.20	20.30	58.10	3.00	49.80	0.00
59.40	28.30	24.20	22.20	20.30	57.80	2.70	49.86	0.00
59.50	28.40	24.30	22.30	20.30	58.40	2.80	49.80	0.00
59.60	28.40	24.20	22.20	20.30	58.40	2.70	49.79	0.00
59.70	28.40	24.20	22.20	20.30	58.90	2.20	49.68	0.00
59.80	28.40	24.20	22.10	20.30	58.90	2.20	49.65	0.00
59.90	28.30	24.20	22.20	20.40	59.00	2.80	49.51	0.00
60.00	28.30	24.20	22.20	20.40	59.20	2.50	49.46	0.00
60.10	28.50	24.10	22.20	20.30	59.00	2.80	49.38	0.00
60.20	28.40	24.10	22.20	20.20	60.00	2.70	50.38	0.00
60.30	28.40	24.10	22.20	20.20	59.50	2.80	50.60	0.00
60.40	28.30	24.20	22.20	20.30	59.80	2.70	50.51	0.00
60.50	28.30	24.20	22.20	20.30	59.80	2.80	50.33	0.00
60.60	28.50	24.10	22.20	20.30	60.00	3.00	50.23	0.00
60.70	28.40	24.10	22.30	20.50	59.80	3.00	50.06	0.00
60.80	28.40	24.10	22.30	20.50	59.80	3.00	49.98	0.00
60.90	28.40	24.10	22.30	20.30	60.00	2.40	49.80	0.00
61.00	28.40	24.10	22.30	20.30	60.40	2.40	49.74	0.00
61.10	28.40	24.30	22.30	20.30	60.60	3.10	49.63	0.00
61.20	28.40	24.10	22.20	20.30	59.00	2.80	49.51	0.00
61.30	28.40	24.10	22.20	20.30	60.60	2.80	49.42	0.00
61.40	28.40	24.20	22.30	20.30	60.90	2.80	49.31	0.00
61.50	28.40	24.20	22.20	20.40	61.00	2.50	49.22	0.00
61.60	28.40	24.20	22.20	20.40	61.00	2.50	50.41	0.00
61.70	28.30	24.10	22.20	20.30	61.00	2.50	50.52	0.00
61.80	28.40	24.20	22.20	20.30	61.30	2.80	50.34	0.00
61.90	28.40	24.20	22.20	20.30	61.60	3.10	50.25	0.00
62.00	28.20	24.10	22.20	20.30	62.30	2.70	50.07	0.00
62.10	28.20	24.10	22.20	20.30	61.80	2.70	49.98	0.00
62.20	28.50	24.20	22.30	20.50	62.00	2.70	49.83	0.00
62.30	28.40	24.10	22.30	20.40	62.60	2.70	49.69	0.00
62.40	28.40	24.10	22.30	20.40	62.40	3.00	49.59	0.00
62.50	28.40	24.20	22.30	20.40	62.10	2.80	49.38	0.00
62.60	28.40	24.20	22.20	20.30	62.70	2.80	49.25	0.00
62.70	28.40	24.20	22.20	20.30	62.70	2.80	49.22	0.00
62.80	28.30	24.20	22.30	20.50	63.00	3.80	50.57	0.00
62.90	28.30	24.20	22.30	20.50	62.70	2.70	51.01	0.00
63.00	28.30	24.20	22.10	20.30	63.00	3.40	50.85	0.00
63.10	28.30	24.10	22.30	20.40	63.20	3.10	50.71	0.00
63.20	28.30	24.10	22.30	20.40	63.20	2.50	50.57	0.00
63.30	28.30	24.10	22.20	20.30	63.50	2.40	50.39	0.00
63.40	28.30	24.10	22.20	20.30	63.50	2.70	50.15	0.00
63.50	28.20	24.10	22.10	20.30	63.80	3.00	50.07	0.00
63.60	28.20	24.10	22.10	20.30	64.10	3.00	49.96	0.00
63.70	28.30	24.10	22.20	20.30	64.10	3.00	49.82	0.00
63.80	28.30	24.10	22.20	20.30	63.80	2.80	49.70	0.00
63.90	28.30	24.10	22.20	20.30	64.10	2.80	49.56	0.00
64.00	28.40	24.10	22.20	20.40	64.10	2.80	49.42	0.00
64.10	28.40	24.30	22.30	20.50	64.70	2.70	49.27	0.00
64.20	28.40	24.30	22.30	20.50	64.60	2.80	49.16	0.00
64.30	28.40	24.20	22.20	20.40	64.60	2.80	48.97	0.00
64.40	28.40	24.10	22.30	20.30	64.90	2.70	50.24	0.00
64.50	28.40	24.10	22.30	20.30	65.20	2.50	50.75	0.00
64.60	28.30	24.20	22.40	20.50	65.20	2.50	50.58	0.00
64.70	28.30	24.10	22.30	20.30	65.00	2.70	50.39	0.00
64.80	28.30	24.10	22.30	20.30	64.90	2.80	50.20	0.00
64.90	28.30	24.10	22.30	20.30	65.50	2.80	49.99	0.00
65.00	28.40	24.20	22.30	20.40	65.20	2.50	49.85	0.00
65.10	28.40	24.20	22.30	20.40	65.80	2.40	49.67	0.00
65.20	28.40	24.20	22.30	20.40	65.30	2.80	49.54	0.00
65.30	28.30	24.10	22.30	20.40	65.80	2.80	49.29	0.00
65.40	28.30	24.10	22.30	20.40	66.00	3.00	49.14	0.00
65.50	28.20	24.10	22.20	20.40	66.00	3.00	48.96	0.00
65.60	28.30	24.10	22.30	20.40	66.30	2.70	50.38	0.00
65.70	28.30	24.10	22.30	20.40	66.70	3.00	50.94	0.00
65.80	28.40	24.10	22.20	20.40	66.70	2.80	50.65	0.00
65.90	28.40	24.30	22.40	20.50	66.90	3.10	50.47	0.00
66.00	28.40	24.30	22.40	20.50	67.80	2.80	50.25	0.00
66.10	28.40	24.10	22.30	20.40	67.20	3.00	49.91	0.00
66.20	28.40	24.20	22.30	20.50	67.20	3.10	49.79	0.00
66.30	28.40	24.20	22.30	20.50	67.80	2.80	49.55	0.00
66.40	28.30	24.20	22.30	20.50	67.50	3.10	49.31	0.00
66.50	28.30	24.20	22.30	20.30	67.50	3.10	49.20	0.00
66.60	28.30	24.20	22.30	20.30	67.80	3.00	49.79	0.00
66.70	28.20	24.10	22.30	20.30	68.00	2.80	50.82	0.00
66.80	28.20	24.10	22.30	20.30	68.00	2.80	51.14	0.00
66.90	28.30	24.20	22.20	20.40	68.10	2.70	51.23	0.00
67.00	28.30	24.10	22.30	20.40	68.40	2.70	50.84	0.00
67.10	28.30	24.10	22.30	20.40	68.70	3.00	50.65	0.00
67.20	28.20	24.10	22.20	20.40	68.40	2.50	50.39	0.00
67.30	28.20	24.20	22.30	20.20	68.40	3.00	50.23	0.00
67.40	28.20	24.20	22.30	20.20	68.40	3.00	49.99	0.00
67.50	28.40	24.10	22.30	20.30	68.40	3.00	49.62	0.00
67.60	28.30	24.20	22.40	20.40	69.20	2.70	49.53	0.00
67.70	28.30	24.20	22.40	20.40	69.50	3.10	49.30	0.00
67.80	28.20	24.00	22.20	20.20	69.50	1.40	49.01	0.00
67.90	28.20	24.20	22.10	20.40	69.30	2.80	48.99	0.00
68.00	28.30	24.20	22.40	20.50	69.70	3.00	49.67	0.00
68.10	28.30	24.20	22.40	20.50	69.80	2.70	50.05	0.00
68.20	28.20	24.20	22.30	20.30	70.10	2.80	49.98	0.00
68.30	28.20	24.20	22.30	20.30	69.50	2.50	49.94	0.00
68.40	28.40	24.20	22.20	20.50	70.10	3.40	50.08	0.00
68.50	28.30	24.10	22.30	20.40	69.70	3.10	45.94	0.00
68.60	28.30	24.10	22.30	20.40	70.00	2.50	42.33	0.00
68.70	28.40	24.20	22.10	20.50	70.10	3.30	27.03	0.00
68.80	28.20	24.10	22.20	20.30	70.10	2.80	11.66	0.00
68.90	28.20	24.10	22.20	20.30	69.80	2.70	8.74	0.00
69.00	28.10	24.30	22.30	20.40	69.80	2.80	6.62	0.00
69.10	28.00	24.20	22.30	20.30	69.80	2.70	5.16	0.00
69.20	28.00	24.20	22.30	20.30	68.40	3.10	4.19	0.00
69.30	27.90	24.10	22.30	20.40	68.40	3.10	3.54	0.00
69.40	27.80	24.20	22.30	20.40	69.70	2.70	3.07	0.00
69.50	27.80	24.20	22.30	20.40	70.30	2.80	2.64	0.00
69.60	27.70	24.10	22.30	20.30	70.10	2.70	2.30	0.00
69.70	27.60	24.10	22.20	20.40	70.10	2.50	2.08	0.00
69.80	27.60	24.10	22.20	20.40	69.70	3.00	1.89	0.00
69.90	27.50	24.20	22.30	20.40	69.50	2.50	1.70	0.00
70.00	27.50	24.20	22.20	20.40	69.70	3.00	1.56	0.00
70.10	27.50	24.20	22.20	20.40	69.80	2.80	1.47	0.00
70.20	27.40	24.20	22.20	20.40	69.80	2.80	1.39	0.00
70.30	27.40	24.20	22.40	20.40	69.80	2.80	1.31	0.00
70.40	27.40	24.20	22.40	20.40	69.30	2.70	1.23	0.00
70.50	27.30	24.20	22.20	20.40	69.80	3.10	1.20	0.00
70.60	27.30	24.30	22.40	20.60	69.70	3.00	1.14	0.00
70.70	27.30	24.30	22.40	20.60	69.80	3.10	1.07	0.00
70.80	27.10	24.00	22.20	20.30	69.70	3.30	1.08	0.00
70.90	27.20	24.10	22.30	20.40	69.80	3.30	1.03	0.00
71.00	27.20	24.10	22.30	20.40	69.20	3.10	0.98	0.00
71.10	27.10	24.10	22.20	20.30	69.50	3.00	0.95	0.00
71.20	26.90	24.10	22.30	20.50	69.50	3.00	0.89	0.00
71.30	26.90	24.10	22.30	20.50	69.80	2.80	0.89	0.00
71.40	27.00	24.10	22.30	20.20	69.50	2.70	0.86	0.00
71.50	26.90	24.20	22.30	20.30	69.70	3.00	0.85	0.00
71.60	26.90	24.20	22.30	20.30	69.30	2.80	0.82	0.00
71.70	27.00	24.20	22.20	20.40	69.30	3.00	0.82	0.00
71.80	27.00	24.20	22.20	20.40	69.30	2.80	0.77	0.00
71.90	26.90	24.00	22.20	20.40	69.50	3.00	0.73	0.00
72.00	26.90	24.00	22.20	20.40	69.50	3.10	0.73	0.00
72.10	26.90	24.10	22.30	20.30	69.50	3.10	0.73	0.00
72.20	26.80	24.10	22.30	20.40	69.30	2.70	0.75	0.00
72.30	26.80	24.10	22.30	20.40	69.70	2.70	0.75	0.00
72.40	26.70	24.20	22.30	20.40	70.30	2.80	0.71	0.00
72.50	26.60	24.10	22.40	20.30	67.70	3.00	0.71	0.00
72.60	26.60	24.10	22.40	20.30	69.30	3.00	0.73	0.00
72.70	26.60	24.10	22.20	20.30	69.70	3.00	0.67	0.00
72.80	26.60	24.10	22.30	20.30	69.20	3.10	0.73	0.00
72.90	26.60	24.10	22.30	20.30	69.20	3.00	0.67	0.00
73.00	26.60	24.00	22.20	20.30	69.20	3.00	0.67	0.00
73.10	26.60	24.10	22.20	20.30	69.30	2.70	0.65	0.00
73.20	26.60	24.10	22.20	20.30	69.30	2.80	0.65	0.00
73.30	26.70	24.20	22.20	20.40	69.50	3.00	0.67	0.00
73.40	26.70	24.20	22.20	20.40	69.30	2.80	0.67	0.00
73.50	26.40	24.10	22.30	20.40	69.50	3.00	0.65	0.00
73.60	26.40	24.00	22.20	20.40	69.50	3.00	0.64	0.00
73.70	26.40	24.00	22.20	20.40	69.50	3.00	0.65	0.00
73.80	26.40	24.20	22.20	20.40	69.30	3.00	0.65	0.00
73.90	26.30	24.10	22.40	20.40	69.20	2.80	0.65	0.00
74.00	26.30	24.10	22.40	20.40	69.20	2.80	0.65	0.00
74.10	26.40	24.20	22.30	20.40	69.50	2.70	0.64	0.00
74.20	26.40	24.10	22.30	20.40	69.20	2.70	0.64	0.00
74.30	26.40	24.10	22.30	20.40	69.00	3.10	0.62	0.00
74.40	26.30	24.10	22.30	20.30	69.30	3.10	0.62	0.00
74.50	26.40	24.10	22.30	20.40	68.70	2.80	0.62	0.00
74.60	26.40	24.10	22.30	20.40	69.20	2.80	0.64	0.00
74.70	26.30	24.10	22.20	20.40	69.20	2.70	0.64	0.00
74.80	26.30	24.10	22.20	20.40	69.20	2.80	0.64	0.00
74.90	26.20	24.10	22.30	20.40	69.20	2.80	0.64	0.00
75.00	26.40	24.20	22.40	20.40	69.20	2.80	0.65	0.00
75.10	26.40	24.20	22.40	20.40	69.30	3.00	0.64	0.00
75.20	26.20	24.20	22.30	20.40	69.20	2.80	0.62	0.00
75.30	26.00	24.00	22.10	20.30	69.20	2.70	0.60	0.00
75.40	26.00	24.00	22.10	20.30	69.30	2.80	0.60	0.00
75.50	26.20	24.10	22.20	20.30	70.30	2.70	0.62	0.00
75.60	26.30	24.10	22.30	20.40	69.30	3.00	0.62	0.00
75.70	26.30	24.10	22.30	20.40	69.30	3.00	0.60	0.00
75.80	26.20	24.10	22.20	20.40	69.20	3.30	0.60	0.00
75.90	26.10	24.00	22.30	20.30	69.20	3.30	0.64	0.00
76.00	26.10	24.00	22.30	20.30	69.50	2.50	0.65	0.00
76.10	26.10	24.20	22.30	20.40	69.30	2.80	0.60	0.00
76.20	26.10	24.20	22.30	20.40	69.30	2.70	0.64	0.00
76.30	26.20	24.20	22.30	20.40	69.30	3.10	0.64	0.00
76.40	26.10	24.10	22.20	20.40	69.30	2.70	0.64	0.00
76.50	26.10	24.10	22.20	20.40	69.20	2.70	0.65	0.00
76.60	26.00	24.10	22.20	20.20	69.30	2.80	0.60	0.00
76.70	26.10	24.10	22.30	20.30	69.30	3.00	0.60	0.00
76.80	26.10	24.10	22.30	20.30	69.30	3.00	0.62	0.00
76.90	26.00	24.20	22.40	20.40	69.30	2.70	0.62	0.00
77.00	25.90	24.00	22.20	20.30	69.70	2.80	0.65	0.00
77.10	25.90	24.00	22.20	20.30	69.50	2.80	0.62	0.00
77.20	26.10	24.30	22.40	20.50	69.30	2.80	0.64	0.00
77.30	25.90	24.10	22.30	20.40	69.20	3.00	0.60	0.00
77.40	25.90	24.10	22.30	20.40	70.30	2.70	0.64	0.00
77.50	25.80	24.00	22.20	20.30	69.50	2.80	0.64	0.00
77.60	25.90	24.10	22.30	20.40	69.00	2.80	0.64	0.00
77.70	25.90	24.10	22.30	20.40	69.00	2.80	0.64	0.00
77.80	25.80	24.00	22.30	20.30	69.50	2.80	0.64	0.00
77.90	25.80	24.00	22.30	20.30	68.70	2.70	0.65	0.00
78.00	25.80	24.00	22.20	20.40	69.00	3.10	0.60	0.00
78.10	26.00	24.10	22.30	20.40	69.70	2.70	0.60	0.00
78.20	26.00	24.10	22.30	20.40	69.50	2.80	0.60	0.00
78.30	25.80	24.10	22.20	20.30	69.70	3.10	0.64	0.00
78.40	25.80	24.20	22.40	20.40	69.20	2.70	0.64	0.00
78.50	25.80	24.20	22.40	20.40	69.50	2.80	0.64	0.00
78.60	25.90	24.20	22.30	20.50	69.50	2.80	0.59	0.00
78.70	25.90	24.10	22.50	20.50	69.20	3.10	0.62	0.00
78.80	25.90	24.10	22.50	20.50	69.30	3.10	0.64	0.00
78.90	25.80	24.10	22.20	20.50	68.60	2.80	0.64	0.00
79.00	25.80	24.10	22.20	20.50	69.30	2.80	0.62	0.00
79.10	25.90	24.20	22.40	20.40	69.30	2.80	0.59	0.00
79.20	25.60	24.00	22.20	20.30	69.50	2.80	0.62	0.00
79.30	25.60	24.00	22.20	20.30	69.20	3.10	0.59	0.00
79.40	25.70	24.00	22.20	20.30	69.30	2.70	0.49	0.00
79.50	25.80	24.20	22.30	20.40	69.70	2.10	0.43	0.00
79.60	25.80	24.20	22.30	20.40	69.70	2.10	0.39	0.00
79.70	25.70	24.10	22.30	20.30	69.30	3.00	0.25	0.00
79.80	25.90	24.20	22.30	20.50	69.00	3.00	0.12	0.00
79.90	25.90	24.20	22.30	20.50	69.50	2.80	0.15	0.00
80.00	25.50	24.10	22.20	20.40	69.30	2.50	0.18	0.00
80.10	25.70	24.10	22.50	20.40	69.20	2.70	0.13	0.00
80.20	25.70	24.10	22.50	20.40	69.00	2.50	0.33	0.00
80.30	25.80	24.10	22.40	20.50	69.20	2.70	0.34	0.00
80.40	25.70	24.10	22.40	20.40	69.30	2.50	0.39	0.00
80.50	25.70	24.10	22.40	20.40	69.30	2.50	0.34	0.00
80.60	25.50	24.10	22.20	20.30	69.70	3.00	0.34	0.00
80.70	25.50	24.00	22.20	20.30	69.30	3.00	0.34	0.00
80.80	25.50	24.00	22.20	20.30	69.30	2.50	0.37	0.00
80.90	25.60	24.10	22.30	20.30	69.30	3.00	0.31	0.00
81.00	25.60	24.10	22.30	20.50	69.50	2.80	0.28	0.00
81.10	25.60	24.10	22.30	20.50	69.20	3.10	0.31	0.00
81.20	25.50	24.10	22.20	20.30	69.00	2.70	0.25	0.00
81.30	25.60	24.00	22.30	20.40	69.00	3.00	0.27	0.00
81.40	25.60	24.00	22.30	20.40	69.00	3.00	0.27	0.00
81.50	25.60	24.00	22.20	20.40	69.30	2.10	0.27	0.00
81.60	25.60	24.00	22.20	20.40	69.20	3.00	0.27	0.00
81.70	25.60	24.20	22.30	20.40	68.90	3.00	0.27	0.00
81.80	25.50	24.10	22.30	20.30	69.20	3.00	0.25	0.00
81.90	25.50	24.10	22.30	20.30	69.20	2.80	0.24	0.00
82.00	25.60	24.10	22.30	20.40	69.30	2.80	0.25	0.00
82.10	25.60	24.30	22.40	20.40	69.30	3.60	0.28	0.00
82.20	25.60	24.30	22.40	20.40	69.20	3.00	0.27	0.00
82.30	25.50	24.10	22.30	20.40	69.20	3.00	0.25	0.00
82.40	25.60	24.10	22.40	20.50	69.50	2.70	0.25	0.00
82.50	25.60	24.10	22.40	20.50	69.20	1.00	0.24	0.00
82.60	25.50	24.00	22.30	20.40	69.30	3.00	0.24	0.00
82.70	25.50	24.20	22.30	20.50	69.00	2.70	0.21	0.00
82.80	25.50	24.20	22.30	20.50	69.50	3.10	0.21	0.00
82.90	25.60	24.20	22.40	20.40	69.20	3.80	0.21	0.00
83.00	25.50	24.20	22.20	20.40	68.90	3.00	0.24	0.00
83.10	25.50	24.20	22.20	20.40	69.30	2.70	0.24	0.00
83.20	25.40	24.00	22.30	20.40	69.20	2.70	0.19	0.00
83.30	25.40	24.10	22.30	20.40	69.20	3.00	0.25	0.00
83.40	25.40	24.10	22.30	20.40	69.20	2.70	0.24	0.00
83.50	25.50	24.10	22.20	20.30	68.90	3.00	0.27	0.00
83.60	25.50	24.10	22.20	20.30	68.90	2.80	0.21	0.00
83.70	25.50	24.10	22.30	20.50	69.00	2.70	0.24	0.00
83.80	25.50	24.20	22.40	20.50	69.20	3.00	0.18	0.00
83.90	25.50	24.20	22.40	20.50	69.50	2.40	0.24	0.00
84.00	25.40	24.10	22.20	20.30	69.20	2.40	0.21	0.00
84.10	25.30	24.00	22.20	20.30	68.90	2.80	0.24	0.00
84.20	25.30	24.00	22.20	20.30	68.90	2.80	0.24	0.00
84.30	25.40	24.10	22.20	20.40	69.20	2.50	0.25	0.00
84.40	25.40	24.10	22.20	20.40	69.20	3.00	0.24	0.00
84.50	25.40	24.10	22.30	20.40	69.20	2.80	0.21	0.00
84.60	25.40	24.10	22.30	20.40	69.30	3.00	0.21	0.00
84.70	25.30	24.00	22.20	20.40	69.50	3.00	0.21	0.00
84.80	25.50	24.20	22.40	20.50	69.00	3.30	0.21	0.00
84.90	25.50	24.20	22.40	20.50	69.30	2.50	0.21	0.00
85.00	25.30	24.10	22.30	20.40	69.20	2.50	0.21	0.00
85.10	25.30	24.10	22.30	20.30	69.20	2.50	0.04	0.00
85.20	25.30	24.10	22.30	20.30	69.00	2.50	0.02	0.00
85.30	25.30	24.00	22.20	20.30	69.20	1.60	0.02	0.00
85.40	25.30	24.00	22.20	20.30	69.00	2.80	0.04	0.00
85.50	25.30	24.00	22.30	20.30	68.90	3.00	0.06	0.00
85.60	25.30	24.10	22.30	20.40	68.90	3.10	0.06	0.00
85.70	25.30	24.10	22.30	20.40	68.90	3.00	0.07	0.00
85.80	25.30	24.00	22.20	20.40	69.50	3.10	0.02	0.00
85.90	25.30	24.10	22.30	20.30	69.20	3.00	0.02	0.00
86.00	25.30	24.10	22.30	20.30	69.20	3.00	0.07	0.00
86.10	25.30	24.00	22.20	20.30	69.20	3.00	0.00	0.00
86.20	25.30	24.00	22.20	20.30	69.20	2.70	0.00	0.00
86.30	25.30	24.10	22.30	20.30	67.50	2.70	0.00	0.00
86.40	25.10	24.00	22.40	20.40	68.90	2.80	0.00	0.00
86.50	25.10	24.00	22.40	20.40	69.20	3.30	0.00	0.00
86.60	25.30	24.10	22.30	20.40	69.20	2.80	0.00	0.00
86.70	25.30	24.10	22.40	20.50	69.20	3.40	0.00	0.00
86.80	25.30	24.10	22.40	20.50	69.20	2.70	0.00	0.00
86.90	25.40	24.00	22.30	20.40	69.20	2.80	0.00	0.00
87.00	25.20	24.10	22.30	20.40	69.20	2.80	0.00	0.00
87.10	25.20	24.10	22.30	20.40	69.00	2.50	0.00	0.00
87.20	25.20	24.00	22.30	20.40	69.00	2.80	0.00	0.00
87.30	25.20	24.10	22.40	20.40	69.20	2.70	0.00	0.00
87.40	25.20	24.10	22.40	20.40	69.20	3.00	0.00	0.00
87.50	25.20	24.10	22.30	20.40	69.20	2.70	0.00	0.00
87.60	25.20	24.00	22.30	20.40	69.70	3.10	0.00	0.00
87.70	25.20	24.00	22.30	20.40	69.20	2.80	0.00	0.00
87.80	25.30	24.10	22.30	20.40	69.20	2.70	0.00	0.00
87.90	25.30	24.10	22.30	20.40	69.20	2.70	0.00	0.00
88.00	25.20	24.10	22.30	20.50	69.20	2.70	0.00	0.00
88.10	25.30	24.10	22.30	20.40	69.20	3.00	0.00	0.00
88.20	25.30	24.10	22.30	20.40	69.00	2.80	0.00	0.00
88.30	25.20	24.00	22.30	20.50	69.20	2.80	0.00	0.00
88.40	25.20	24.10	22.30	20.40	69.20	3.00	0.00	0.00
88.50	25.20	24.10	22.30	20.40	68.70	2.70	0.00	0.00
88.60	25.10	24.00	22.20	20.40	69.20	3.00	0.00	0.00
88.70	25.00	24.00	22.20	20.40	69.00	2.80	0.00	0.00
88.80	25.00	24.00	22.20	20.40	69.30	2.80	0.00	0.00
88.90	25.20	24.10	22.40	20.50	69.30	2.80	0.00	0.00
89.00	25.20	24.10	22.40	20.50	69.20	3.10	0.00	0.00
89.10	25.00	24.00	22.20	20.40	69.30	2.20	0.00	0.00
89.20	25.00	24.10	22.30	20.40	69.00	3.10	0.00	0.00
89.30	25.00	24.10	22.30	20.40	69.50	2.70	0.00	0.00
89.40	25.20	24.10	22.20	20.50	69.00	3.00	0.00	0.00
89.50	25.20	24.10	22.20	20.50	68.90	2.50	0.00	0.00
89.60	25.10	24.10	22.20	20.40	69.00	2.80	0.00	0.00
89.70	25.00	24.10	22.30	20.40	69.00	2.80	0.00	0.00
89.80	25.00	24.10	22.30	20.40	68.90	2.50	0.00	0.00
89.90	25.10	24.10	22.40	20.50	68.90	2.50	0.00	0.00
90.00	25.10	24.00	22.30	20.30	69.20	2.80	0.00	0.00
90.10	25.10	24.00	22.30	20.30	68.70	2.80	0.00	0.00
90.20	25.10	24.10	22.30	20.50	69.20	2.80	0.00	0.00
90.30	25.10	24.10	22.30	20.40	69.00	2.80	0.00	0.00
90.40	25.10	24.10	22.30	20.40	69.20	2.80	0.00	0.00
90.50	25.00	24.00	22.30	20.40	69.70	2.70	0.00	0.00
90.60	25.00	24.00	22.30	20.30	69.00	2.80	0.00	0.00
90.70	25.00	24.00	22.30	20.30	69.30	2.50	0.00	0.00
90.80	24.90	24.10	22.30	20.30	69.30	2.50	0.00	0.00
90.90	24.90	24.10	22.30	20.30	68.90	2.80	0.00	0.00
91.00	25.10	24.00	22.40	20.50	69.20	2.50	0.00	0.00
91.10	25.00	24.10	22.30	20.40	69.30	3.10	0.00	0.00
91.20	25.00	24.10	22.30	20.40	68.70	2.80	0.00	0.00
91.30	25.00	24.00	22.20	20.40	69.20	2.80	0.00	0.00
91.40	25.00	24.10	22.30	20.40	69.20	2.70	0.00	0.00
91.50	25.00	24.10	22.30	20.40	69.20	3.00	0.00	0.00
91.60	25.00	24.00	22.40	20.40	69.20	3.80	0.00	0.00
91.70	25.00	24.00	22.30	20.30	69.20	3.80	0.00	0.00
91.80	25.00	24.00	22.30	20.30	69.20	2.70	0.00	0.00
91.90	24.90	24.00	22.20	20.20	69.00	3.00	0.00	0.00
92.00	24.90	24.00	22.20	20.20	69.30	2.80	0.00	0.00
92.10	24.90	24.00	22.20	20.40	69.00	3.00	0.00	0.00
92.20	25.00	24.00	22.40	20.50	69.00	2.80	0.00	0.00
92.30	25.00	24.00	22.40	20.50	69.30	2.50	0.00	0.00
92.40	25.10	24.10	22.50	20.50	69.20	2.50	0.00	0.00
92.50	24.90	24.10	22.30	20.30	69.20	2.80	0.00	0.00
92.60	24.90	24.10	22.30	20.30	69.20	2.80	0.00	0.00
92.70	25.00	24.10	22.40	20.50	69.20	2.80	0.00	0.00
92.80	25.00	24.10	22.30	20.40	69.20	2.70	0.00	0.00
92.90	25.00	24.10	22.30	20.40	69.30	3.10	0.00	0.00
93.00	25.00	24.10	22.30	20.40	69.00	3.30	0.00	0.00
93.10	25.00	24.00	22.30	20.40	69.30	3.00	0.00	0.00
93.20	25.00	24.00	22.30	20.40	69.20	2.40	0.00	0.00
93.30	24.90	24.10	22.30	20.50	69.00	2.50	0.00	0.00
93.40	24.90	24.10	22.40	20.50	68.90	2.50	0.00	0.00
93.50	24.90	24.10	22.40	20.50	69.00	2.70	0.00	0.00
93.60	25.00	24.10	22.40	20.50	69.00	2.70	0.00	0.00
93.70	25.00	24.10	22.40	20.50	69.20	3.10	0.00	0.00
93.80	25.00	24.10	22.40	20.40	69.20	3.10	0.00	0.00
93.90	25.00	24.00	22.30	20.40	69.00	2.70	0.00	0.00
94.00	25.00	24.00	22.30	20.40	69.20	2.70	0.00	0.00
94.10	24.90	24.10	22.30	20.30	68.90	2.80	0.00	0.00
94.20	24.90	24.10	22.40	20.50	69.00	2.70	0.00	0.00
94.30	24.90	24.10	22.40	20.50	69.30	2.70	0.00	0.00
94.40	24.90	24.00	22.20	20.30	69.00	2.80	0.00	0.00
94.50	24.90	24.10	22.30	20.40	69.00	2.80	0.00	0.00
94.60	24.90	24.10	22.30	20.40	69.20	2.70	0.00	0.00
94.70	24.80	24.00	22.20	20.30	69.00	2.70	0.00	0.00
94.80	24.80	24.10	22.30	20.40	69.20	2.50	0.00	0.00
94.90	24.80	24.10	22.30	20.40	69.20	2.70	0.00	0.00
95.00	24.80	24.00	22.20	20.40	68.90	2.50	0.00	0.00
95.10	24.80	24.10	22.30	20.50	68.90	2.70	0.00	0.00
95.20	24.80	24.10	22.30	20.50	69.20	2.70	0.00	0.00
95.30	24.80	23.90	22.20	20.30	70.00	2.70	0.00	0.00
95.40	24.80	24.00	22.30	20.30	69.20	2.70	0.00	0.00
95.50	24.80	24.00	22.30	20.30	69.20	2.70	0.00	0.00
95.60	25.00	24.00	22.40	20.40	69.20	2.70	0.00	0.00
95.70	25.00	24.00	22.40	20.40	69.20	2.80	0.00	0.00
95.80	24.80	24.10	22.20	20.40	69.20	2.80	0.00	0.00
95.90	24.80	24.10	22.30	20.30	69.00	3.10	0.00	0.00
96.00	24.80	24.10	22.30	20.30	69.00	2.80	0.00	0.00
96.10	24.80	24.00	22.30	20.30	69.50	2.50	0.00	0.00
96.20	24.90	24.00	22.30	20.30	69.20	2.70	0.00	0.00
96.30	24.90	24.00	22.30	20.30	69.30	3.00	0.00	0.00
96.40	24.80	24.00	22.30	20.40	69.30	3.00	0.00	0.00
96.50	25.00	24.10	22.30	20.40	69.30	3.10	0.00	0.00
96.60	25.00	24.10	22.30	20.40	68.90	3.00	0.00	0.00
96.70	24.90	24.20	22.40	20.50	69.20	2.50	0.00	0.00
96.80	24.80	24.00	22.20	20.40	68.30	3.00	0.00	0.00
96.90	24.80	24.00	22.20	20.40	69.30	2.10	0.00	0.00
97.00	24.80	24.20	22.30	20.40	69.20	2.50	0.00	0.00
97.10	24.80	24.10	22.30	20.40	68.90	2.50	0.00	0.00
97.20	24.80	24.10	22.30	20.40	68.70	2.50	0.00	0.00
97.30	24.80	24.10	22.30	20.30	68.70	2.50	0.00	0.00
97.40	24.80	24.00	22.30	20.40	69.20	2.70	0.00	0.00
97.50	24.80	24.00	22.30	20.40	69.30	3.30	0.00	0.00
97.60	24.70	24.10	22.30	20.40	69.00	3.00	0.00	0.00
97.70	24.70	24.10	22.30	20.40	69.20	2.80	0.00	0.00
97.80	24.70	23.90	22.30	20.40	69.20	2.80	0.00	0.00
97.90	24.70	24.00	22.30	20.30	69.30	2.80	0.00	0.00
98.00	24.70	24.00	22.30	20.30	69.20	2.80	0.00	0.00
98.10	24.80	24.10	22.30	20.50	68.90	2.50	0.00	0.00
98.20	24.80	24.10	22.30	20.30	69.20	2.80	0.00	0.00
98.30	24.80	24.10	22.30	20.30	69.20	2.80	0.00	0.00
98.40	24.80	24.00	22.40	20.40	68.90	2.70	0.00	0.00
98.50	24.80	24.10	22.30	20.40	69.00	2.80	0.00	0.00
98.60	24.80	24.10	22.30	20.40	69.50	3.00	0.00	0.00
98.70	24.80	24.00	22.30	20.40	69.00	2.70	0.00	0.00
98.80	24.80	24.00	22.30	20.40	69.20	3.00	0.00	0.00
98.90	24.70	24.00	22.20	20.30	69.00	2.50	0.00	0.00
99.00	24.70	23.90	22.10	20.30	69.20	3.00	0.00	0.00
99.10	24.70	23.90	22.10	20.30	68.60	2.70	0.00	0.00
99.20	24.80	24.10	22.30	20.40	68.60	2.70	0.00	0.00
99.30	24.90	24.10	22.30	20.40	69.00	3.10	0.00	0.00
99.40	24.90	24.10	22.30	20.40	69.30	2.40	0.00	0.00
99.50	24.90	24.20	22.50	20.50	69.20	2.80	0.00	0.00
99.60	24.80	24.10	22.30	20.50	68.90	2.80	0.00	0.00
99.70	24.80	24.10	22.30	20.50	69.20	3.00	0.00	0.00
99.80	24.80	24.10	22.30	20.30	69.00	2.70	0.00	0.00
99.90	24.80	24.00	22.30	20.40	69.30	2.80	0.00	0.00
100.00	24.80	24.00	22.30	20.40	69.30	3.00	0.00	0.00
100.10	24.60	24.00	22.20	20.40	69.30	3.00	0.00	0.00
100.20	24.60	24.00	22.10	20.30	69.70	2.80	0.00	0.00
100.30	24.60	24.00	22.10	20.30	69.30	2.70	0.00	0.00
100.40	24.70	24.00	22.30	20.30	69.00	2.80	0.00	0.00
100.50	24.70	24.00	22.40	20.40	69.30	3.00	0.00	0.00
100.60	24.70	24.00	22.40	20.40	69.50	2.70	0.00	0.00
100.70	24.70	24.10	22.30	20.40	69.20	3.10	0.00	0.00
100.80	24.70	24.10	22.30	20.50	69.30	2.70	0.00	0.00
100.90	24.70	24.10	22.30	20.50	68.90	2.70	0.00	0.00
101.00	24.60	24.00	22.30	20.40	69.50	2.80	0.00	0.00
101.10	24.70	23.90	22.20	20.30	69.50	2.80	0.00	0.00
101.20	24.70	23.90	22.20	20.30	69.50	3.10	0.00	0.00
101.30	24.80	24.00	22.30	20.40	69.00	2.80	0.00	0.00
101.40	24.70	24.10	22.30	20.30	69.20	3.00	0.00	0.00
101.50	24.70	24.10	22.30	20.30	69.70	2.80	0.00	0.00
101.60	24.70	24.10	22.30	20.40	68.90	3.00	0.00	0.00
101.70	24.60	24.10	22.30	20.30	69.00	2.80	0.00	0.00
101.80	24.60	24.10	22.30	20.30	68.90	2.70	0.00	0.00
101.90	24.70	24.10	22.30	20.40	69.50	2.70	0.00	0.00
102.00	24.70	24.10	22.30	20.40	69.50	2.70	0.00	0.00
102.10	24.60	24.00	22.30	20.40	69.00	2.50	0.00	0.00
102.20	24.80	24.20	22.40	20.40	69.30	2.80	0.00	0.00
102.30	24.80	24.20	22.40	20.40	69.70	2.80	0.00	0.00
102.40	24.70	24.10	22.30	20.40	69.30	2.40	0.00	0.00
102.50	24.60	24.00	22.30	20.40	69.00	3.10	0.00	0.00
102.60	24.60	24.00	22.30	20.40	68.70	2.80	0.00	0.00
102.70	24.60	24.00	22.30	20.40	69.20	2.70	0.00	0.00
102.80	24.80	24.20	22.50	20.50	69.30	2.80	0.00	0.00
102.90	24.80	24.20	22.50	20.50	69.00	3.00	0.00	0.00
103.00	24.60	24.10	22.40	20.50	69.00	3.00	0.00	0.00
103.10	24.70	24.20	22.30	20.40	69.30	2.80	0.00	0.00
103.20	24.70	24.20	22.30	20.40	69.00	3.00	0.00	0.00
103.30	24.60	24.10	22.20	20.40	69.20	2.70	0.00	0.00
103.40	24.60	24.10	22.30	20.40	69.20	2.70	0.00	0.00
103.50	24.60	24.10	22.30	20.40	69.20	1.00	0.00	0.00
103.60	24.70	24.00	22.30	20.40	69.30	2.50	0.00	0.00
103.70	24.70	24.00	22.40	20.40	69.20	2.50	0.00	0.00
103.80	24.70	24.00	22.40	20.40	69.20	3.00	0.00	0.00
103.90	24.60	24.10	22.30	20.40	69.20	3.00	0.00	0.00
104.00	24.60	24.00	22.30	20.40	68.60	2.70	0.00	0.00
104.10	24.60	24.00	22.30	20.40	69.20	2.80	0.00	0.00
104.20	24.60	24.10	22.30	20.40	69.00	3.10	0.00	0.00
104.30	24.70	24.10	22.30	20.40	69.00	2.70	0.00	0.00
104.40	24.70	24.10	22.30	20.40	69.20	2.80	0.00	0.00
104.50	24.60	24.00	22.20	20.40	69.00	2.70	0.00	0.00
104.60	24.50	23.90	22.30	20.30	69.20	2.50	0.00	0.00
104.70	24.50	23.90	22.30	20.30	69.50	2.70	0.00	0.00
104.80	24.60	24.10	22.40	20.50	69.50	2.70	0.00	0.00
104.90	24.60	24.00	22.30	20.40	68.90	3.30	0.00	0.00
105.00	24.60	24.00	22.30	20.40	69.20	2.70	0.00	0.00
105.10	24.60	24.10	22.30	20.40	69.20	2.80	0.00	0.00
105.20	24.60	24.10	22.20	20.40	69.00	2.50	0.00	0.00
105.30	24.60	24.10	22.20	20.40	69.00	2.50	0.00	0.00
105.40	24.50	24.00	22.30	20.40	69.30	2.80	0.00	0.00
105.50	24.70	24.10	22.20	20.40	69.30	2.70	0.00	0.00
105.60	24.70	24.10	22.20	20.40	68.90	2.80	0.00	0.00
105.70	24.50	24.00	22.10	20.40	69.00	3.00	0.00	0.00
105.80	24.50	24.00	22.20	20.50	69.00	3.00	0.00	0.00
105.90	24.50	24.00	22.20	20.50	68.90	2.70	0.00	0.00
106.00	24.60	24.10	22.30	20.40	69.20	2.50	0.00	0.00
106.10	24.60	24.10	22.30	20.50	69.00	2.80	0.00	0.00
106.20	24.60	24.10	22.30	20.50	68.90	3.00	0.00	0.00
106.30	24.60	24.00	22.20	20.30	69.20	2.80	0.00	0.00
106.40	24.50	24.10	22.20	20.50	69.20	2.70	0.00	0.00
106.50	24.50	24.10	22.20	20.50	69.00	3.10	0.00	0.00
106.60	24.60	24.10	22.30	20.40	69.20	3.00	0.00	0.00
106.70	24.60	24.10	22.30	20.40	69.20	3.00	0.00	0.00
106.80	24.60	24.10	22.30	20.40	69.00	2.50	0.00	0.00
106.90	24.60	24.00	22.30	20.40	69.20	2.70	0.00	0.00
107.00	24.60	24.10	22.20	20.30	69.00	3.00	0.00	0.00
107.10	24.60	24.10	22.20	20.30	68.90	2.80	0.00	0.00
107.20	24.60	24.00	22.30	20.40	68.90	2.80	0.00	0.00
107.30	24.50	24.00	22.30	20.30	69.00	3.00	0.00	0.00
107.40	24.50	24.00	22.30	20.30	69.20	3.30	0.00	0.00
107.50	24.60	24.00	22.30	20.30	69.20	3.00	0.00	0.00
107.60	24.50	24.20	22.30	20.40	69.20	3.00	0.00	0.00
107.70	24.50	24.20	22.30	20.40	69.50	2.80	0.00	0.00
107.80	24.60	24.10	22.50	20.50	68.90	2.70	0.00	0.00
107.90	24.50	24.00	22.30	20.40	69.20	2.50	0.00	0.00
108.00	24.50	24.00	22.30	20.40	69.20	3.00	0.00	0.00
108.10	24.50	24.00	22.40	20.40	69.70	2.80	0.00	0.00
108.20	24.50	24.00	22.30	20.40	69.20	2.80	0.00	0.00
108.30	24.50	24.00	22.30	20.40	68.90	2.70	0.00	0.00
108.40	24.60	24.10	22.30	20.40	69.00	2.50	0.00	0.00
108.50	24.40	24.00	22.30	20.30	69.00	2.50	0.00	0.00
108.60	24.40	24.00	22.30	20.30	69.00	3.10	0.00	0.00
108.70	24.60	24.10	22.40	20.50	69.00	2.70	0.00	0.00
108.80	24.70	24.10	22.50	20.60	69.30	3.10	0.00	0.00
108.90	24.70	24.10	22.50	20.60	69.00	2.80	0.00	0.00
109.00	24.40	24.00	22.30	20.30	69.30	2.70	0.00	0.00
109.10	24.50	24.00	22.30	20.30	68.90	2.80	0.00	0.00
109.20	24.50	24.00	22.30	20.30	69.30	3.30	0.00	0.00
109.30	24.60	24.10	22.30	20.50	69.20	2.80	0.00	0.00
109.40	24.50	24.00	22.20	20.40	69.20	2.80	0.00	0.00
109.50	24.50	24.00	22.20	20.40	68.70	2.70	0.00	0.00
109.60	24.50	24.00	22.30	20.40	69.00	2.70	0.00	0.00
109.70	24.50	24.10	22.30	20.40	69.20	3.00	0.00	0.00
109.80	24.50	24.10	22.30	20.40	69.00	3.00	0.00	0.00
109.90	24.50	24.20	22.40	20.50	69.20	2.50	0.00	0.00
110.00	24.50	24.20	22.40	20.50	69.00	2.80	0.00	0.00
110.10	24.40	24.00	22.30	20.40	68.70	2.70	0.00	0.00
110.20	24.50	24.10	22.30	20.40	69.20	3.10	0.00	0.00
110.30	24.50	24.10	22.30	20.40	68.90	2.80	0.00	0.00
110.40	24.50	24.00	22.30	20.30	68.90	2.80	0.00	0.00
110.50	24.50	24.00	22.40	20.40	68.40	3.00	0.00	0.00
110.60	24.50	24.00	22.40	20.40	69.00	2.50	0.00	0.00
110.70	24.50	24.00	22.20	20.40	69.20	2.80	0.00	0.00
110.80	24.60	24.10	22.30	20.40	69.20	2.40	0.00	0.00
110.90	24.60	24.10	22.30	20.40	69.20	2.70	0.00	0.00
111.00	24.40	24.00	22.30	20.30	69.00	2.80	0.00	0.00
111.10	24.50	24.00	22.40	20.40	69.00	3.00	0.00	0.00
111.20	24.50	24.00	22.40	20.40	69.30	2.80	0.00	0.00
111.30	24.40	24.00	22.30	20.40	69.30	2.80	0.00	0.00
111.40	24.60	24.10	22.40	20.60	69.70	2.70	0.00	0.00
111.50	24.60	24.10	22.40	20.60	69.20	3.30	0.00	0.00
111.60	24.50	24.00	22.30	20.40	68.90	2.70	0.00	0.00
111.70	24.50	24.00	22.30	20.40	69.00	2.70	0.00	0.00
111.80	24.50	24.00	22.30	20.40	68.90	2.80	0.00	0.00
111.90	24.40	24.10	22.30	20.50	69.20	2.70	0.00	0.00
112.00	24.60	24.20	22.40	20.50	68.60	3.10	0.00	0.00
112.10	24.60	24.20	22.40	20.50	68.90	2.80	0.00	0.00
112.20	24.50	24.10	22.40	20.40	68.90	2.80	0.00	0.00
112.30	24.50	24.10	22.40	20.40	69.20	2.20	0.00	0.00
112.40	24.60	24.00	22.30	20.40	69.20	3.10	0.00	0.00
112.50	24.50	24.20	22.40	20.50	69.30	2.40	0.00	0.00
112.60	24.50	24.20	22.40	20.50	68.90	3.00	0.00	0.00
112.70	24.50	24.00	22.40	20.40	69.00	2.80	0.00	0.00
112.80	24.40	24.10	22.30	20.50	68.90	2.80	0.00	0.00
112.90	24.40	24.10	22.30	20.50	69.00	2.80	0.00	0.00
113.00	24.50	24.00	22.40	20.50	69.00	3.00	0.00	0.00
113.10	24.40	24.10	22.30	20.30	68.90	2.80	0.00	0.00
113.20	24.40	24.10	22.30	20.30	69.20	2.80	0.00	0.00
113.30	24.40	24.00	22.30	20.40	69.00	3.30	0.00	0.00
113.40	24.40	24.10	22.30	20.40	69.20	3.30	0.00	0.00
113.50	24.40	24.10	22.30	20.40	69.00	2.80	0.00	0.00
113.60	24.50	24.20	22.40	20.50	69.00	3.30	0.00	0.00
113.70	24.50	24.20	22.40	20.50	69.20	2.80	0.00	0.00
113.80	24.40	24.10	22.30	20.30	68.90	3.00	0.00	0.00
113.90	24.40	24.00	22.30	20.40	69.30	2.80	0.00	0.00
114.00	24.40	24.00	22.30	20.40	69.70	2.80	0.00	0.00
114.10	24.50	24.00	22.40	20.30	69.70	2.80	0.00	0.00
114.20	24.50	24.00	22.40	20.30	69.30	2.70	0.00	0.00
114.30	24.40	24.10	22.20	20.40	68.90	2.70	0.00	0.00
114.40	24.50	24.10	22.40	20.50	69.20	0.70	0.00	0.00
114.50	24.50	24.10	22.40	20.50	69.20	2.70	0.00	0.00
114.60	24.40	24.10	22.40	20.40	69.20	3.00	0.00	0.00
114.70	24.40	24.00	22.30	20.40	69.20	2.80	0.00	0.00
114.80	24.40	24.00	22.30	20.40	69.00	2.80	0.00	0.00
114.90	24.40	24.00	22.30	20.40	69.50	2.80	0.00	0.00
115.00	24.60	24.10	22.40	20.50	69.50	2.80	0.00	0.00
115.10	24.60	24.10	22.40	20.50	69.20	3.00	0.00	0.00
115.20	24.40	24.00	22.30	20.40	68.90	2.70	0.00	0.00
115.30	24.40	24.10	22.30	20.40	69.00	2.70	0.00	0.00
115.40	24.40	24.10	22.30	20.40	69.20	2.80	0.00	0.00
115.50	24.40	24.10	22.30	20.40	69.00	2.80	0.00	0.00
115.60	24.40	24.10	22.30	20.40	69.00	1.40	0.00	0.00
115.70	24.40	24.00	22.30	20.40	69.30	2.70	0.00	0.00
115.80	24.50	24.10	22.40	20.40	69.20	3.10	0.00	0.00
115.90	24.50	24.10	22.40	20.40	69.20	3.00	0.00	0.00
116.00	24.50	24.00	22.30	20.50	69.20	3.00	0.00	0.00
116.10	24.40	24.00	22.40	20.40	69.00	2.70	0.00	0.00
116.20	24.40	24.00	22.40	20.40	69.50	3.00	0.00	0.00
116.30	24.50	24.10	22.40	20.40	68.90	2.80	0.00	0.00
116.40	24.50	24.10	22.40	20.40	69.20	2.70	0.00	0.00
116.50	24.40	24.20	22.30	20.50	69.00	3.10	0.00	0.00
116.60	24.40	24.10	22.50	20.50	68.90	2.70	0.00	0.00
116.70	24.40	24.10	22.50	20.50	69.00	3.30	0.00	0.00
116.80	24.40	23.90	22.20	20.40	69.20	2.70	0.00	0.00
116.90	24.50	24.00	22.30	20.50	69.20	2.70	0.00	0.00
117.00	24.50	24.00	22.30	20.50	69.20	2.70	0.00	0.00
117.10	24.40	24.10	22.40	20.40	69.20	2.70	0.00	0.00
117.20	24.40	24.10	22.30	20.40	69.20	3.00	0.00	0.00
117.30	24.40	24.10	22.30	20.40	69.20	2.80	0.00	0.00
117.40	24.40	24.10	22.30	20.40	68.60	3.00	0.00	0.00
117.50	24.40	24.00	22.20	20.30	69.00	2.80	0.00	0.00
117.60	24.40	24.00	22.20	20.30	70.00	3.30	0.00	0.00
117.70	24.30	24.00	22.30	20.40	68.90	3.00	0.00	0.00
117.80	24.30	24.00	22.30	20.40	69.50	2.80	0.00	0.00
117.90	24.50	24.10	22.40	20.40	69.50	2.80	0.00	0.00
118.00	24.40	24.10	22.20	20.40	69.20	3.00	0.00	0.00
118.10	24.40	24.10	22.20	20.40	68.90	2.70	0.00	0.00
118.20	24.30	24.00	22.40	20.50	69.00	2.70	0.00	0.00
118.30	24.40	24.10	22.30	20.50	69.30	3.00	0.00	0.00
118.40	24.40	24.10	22.30	20.50	69.00	2.80	0.00	0.00
118.50	24.40	24.10	22.20	20.40	68.90	2.80	0.00	0.00
118.60	24.40	24.00	22.30	20.50	68.70	2.80	0.00	0.00
118.70	24.40	24.00	22.30	20.50	68.90	3.00	0.00	0.00
118.80	24.20	24.00	22.30	20.40	68.90	3.00	0.00	0.00
118.90	24.40	24.00	22.30	20.40	69.20	2.50	0.00	0.00
119.00	24.40	24.00	22.30	20.40	69.30	3.00	0.00	0.00
119.10	24.30	24.00	22.20	20.30	69.00	3.30	0.00	0.00
119.20	24.30	24.00	22.20	20.30	69.00	2.80	0.00	0.00
119.30	24.30	23.90	22.20	20.30	69.20	3.00	0.00	0.00
119.40	24.40	24.10	22.40	20.40	69.00	2.80	0.00	0.00
119.50	24.40	24.10	22.40	20.40	68.70	2.70	0.00	0.00
119.60	24.30	24.10	22.30	20.40	68.90	3.00	0.00	0.00
119.70	24.30	24.10	22.30	20.40	69.50	2.50	0.00	0.00
119.80	24.40	24.00	22.20	20.50	69.50	2.50	0.00	0.00
119.90	24.40	24.10	22.30	20.50	68.90	3.00	0.00	0.00
120.00	24.40	24.10	22.30	20.50	69.70	3.00	0.00	0.00
120.10	24.40	24.10	22.40	20.40	69.00	3.10	0.00	0.00
120.20	24.30	23.90	22.30	20.40	69.20	3.30	0.00	0.00
120.30	24.30	23.90	22.30	20.40	69.00	2.50	0.00	0.00
120.40	24.30	23.90	22.30	20.30	69.20	3.00	0.00	0.00
120.50	24.30	24.00	22.20	20.30	69.30	3.30	0.00	0.00
120.60	24.30	24.00	22.20	20.30	68.60	2.80	0.00	0.00
120.70	24.30	24.00	22.30	20.40	68.70	3.10	0.00	0.00
120.80	24.30	23.90	22.30	20.40	68.70	3.10	0.00	0.00
120.90	24.30	23.90	22.30	20.40	68.90	2.70	0.00	0.00
121.00	24.30	23.90	22.30	20.30	69.20	2.70	0.00	0.00
121.10	24.30	24.00	22.30	20.40	69.30	2.80	0.00	0.00
121.20	24.30	24.00	22.30	20.40	69.70	2.50	0.00	0.00
121.30	24.40	23.90	22.20	20.30	69.20	2.80	0.00	0.00
121.40	24.40	24.10	22.40	20.40	69.00	2.80	0.00	0.00
121.50	24.40	24.10	22.40	20.40	68.90	2.80	0.00	0.00
121.60	24.30	24.10	22.30	20.40	69.00	2.80	0.00	0.00
121.70	24.30	24.10	22.30	20.40	69.00	2.80	0.00	0.00
121.80	24.30	24.00	22.30	20.40	69.20	2.80	0.00	0.00
121.90	24.40	23.90	22.30	20.40	69.50	2.80	0.00	0.00
122.00	24.40	23.90	22.30	20.40	68.90	2.70	0.00	0.00
122.10	24.50	24.10	22.40	20.30	69.30	2.80	0.00	0.00
122.20	24.40	24.10	22.30	20.40	69.00	2.70	0.00	0.00
122.30	24.40	24.10	22.30	20.40	68.90	2.80	0.00	0.00
122.40	24.20	23.90	22.20	20.30	69.30	2.80	0.00	0.00
122.50	24.30	24.00	22.30	20.40	69.30	2.50	0.00	0.00
122.60	24.30	24.00	22.30	20.40	69.30	2.50	0.00	0.00
122.70	24.40	24.10	22.30	20.40	69.20	2.70	0.00	0.00
122.80	24.30	24.00	22.20	20.40	69.20	2.80	0.00	0.00
122.90	24.30	24.00	22.20	20.40	68.70	2.80	0.00	0.00
123.00	24.30	24.00	22.20	20.30	68.90	2.50	0.00	0.00
123.10	24.40	24.00	22.30	20.50	68.90	2.80	0.00	0.00
123.20	24.40	24.00	22.30	20.50	69.00	3.40	0.00	0.00
123.30	24.30	24.00	22.30	20.40	69.30	2.70	0.00	0.00
123.40	24.40	24.00	22.30	20.50	69.20	2.70	0.00	0.00
123.50	24.40	24.00	22.30	20.50	69.20	2.70	0.00	0.00
123.60	24.40	24.10	22.30	20.40	68.70	2.70	0.00	0.00
123.70	24.30	24.00	22.30	20.50	68.90	3.10	0.00	0.00
123.80	24.30	24.00	22.30	20.50	69.00	3.60	0.00	0.00
123.90	24.40	24.10	22.40	20.50	69.20	2.80	0.00	0.00
124.00	24.50	24.10	22.40	20.60	69.00	2.80	0.00	0.00
124.10	24.50	24.10	22.40	20.60	69.20	3.00	0.00	0.00
124.20	24.40	24.00	22.30	20.50	69.00	2.80	0.00	0.00
124.30	24.30	24.10	22.30	20.50	69.50	2.70	0.00	0.00
124.40	24.30	24.10	22.30	20.50	69.50	2.70	0.00	0.00
124.50	24.20	23.90	22.20	20.40	69.20	2.80	0.00	0.00
124.60	24.30	23.90	22.20	20.40	69.20	3.10	0.00	0.00
124.70	24.30	23.90	22.20	20.40	68.90	2.40	0.00	0.00
124.80	24.30	24.10	22.40	20.50	69.20	3.30	0.00	0.00
124.90	24.30	24.00	22.40	20.40	68.90	3.00	0.00	0.00
125.00	24.30	24.00	22.40	20.40	69.30	2.80	0.00	0.00
125.10	24.30	24.00	22.40	20.40	69.20	2.70	0.00	0.00
125.20	24.30	24.00	22.40	20.40	69.20	2.80	0.00	0.00
125.30	24.20	24.00	22.20	20.50	69.20	3.30	0.00	0.00
125.40	24.20	24.00	22.20	20.50	69.20	3.30	0.00	0.00
125.50	24.30	23.90	22.30	20.40	69.00	2.70	0.00	0.00
125.60	24.40	24.00	22.20	20.40	68.90	2.70	0.00	0.00
125.70	24.20	23.80	22.20	20.30	69.20	2.80	0.00	0.00
125.80	24.20	23.80	22.20	20.30	68.90	2.80	0.00	0.00
125.90	24.30	24.00	22.40	20.40	68.90	2.50	0.00	0.00
126.00	24.20	23.90	22.30	20.40	69.00	2.80	0.00	0.00
126.10	24.20	23.90	22.30	20.40	69.50	2.70	0.00	0.00
126.20	24.40	24.10	22.30	20.40	69.20	2.80	0.00	0.00
126.30	24.40	24.10	22.30	20.40	69.20	2.80	0.00	0.00
126.40	24.30	24.00	22.30	20.50	69.20	3.60	0.00	0.00
126.50	24.30	24.10	22.40	20.40	69.30	3.00	0.00	0.00
126.60	24.30	24.10	22.40	20.40	68.90	3.10	0.00	0.00
126.70	24.30	24.00	22.40	20.40	68.90	3.00	0.00	0.00
126.80	24.30	24.00	22.40	20.40	69.30	2.70	0.00	0.00
126.90	24.30	24.00	22.40	20.40	69.20	3.10	0.00	0.00
127.00	24.20	24.10	22.40	20.40	69.20	2.80	0.00	0.00
127.10	24.20	24.10	22.40	20.40	69.20	3.00	0.00	0.00
127.20	24.20	24.10	22.40	20.40	69.20	3.00	0.00	0.00
127.30	24.30	24.00	22.30	20.40	69.20	2.80	0.00	0.00
127.40	24.30	24.00	22.30	20.40	68.90	3.00	0.00	0.00
127.50	24.30	24.10	22.40	20.40	69.00	3.00	0.00	0.00
127.60	24.30	24.00	22.20	20.30	69.20	3.00	0.00	0.00
127.70	24.30	24.00	22.20	20.30	69.00	2.50	0.00	0.00
127.80	24.20	23.90	22.30	20.40	69.00	2.40	0.00	0.00
127.90	24.20	23.90	22.20	20.30	69.20	3.10	0.00	0.00
128.00	24.20	23.90	22.20	20.30	69.20	2.20	0.00	0.00
128.10	24.30	23.90	22.30	20.40	69.00	2.80	0.00	0.00
128.20	24.30	24.10	22.30	20.40	69.00	2.80	0.00	0.00
128.30	24.30	24.10	22.30	20.40	68.70	2.70	0.00	0.00
128.40	24.30	24.00	22.30	20.40	67.50	2.80	0.00	0.00
128.50	24.30	24.00	22.30	20.40	68.70	2.70	0.00	0.00
128.60	24.20	23.90	22.20	20.30	69.00	2.80	0.00	0.00
128.70	24.40	24.10	22.30	20.40	69.20	3.10	0.00	0.00
128.80	24.40	24.10	22.30	20.40	69.20	2.80	0.00	0.00
128.90	24.20	24.00	22.10	20.20	69.00	2.70	0.00	0.00
129.00	24.20	24.00	22.30	20.40	68.90	2.70	0.00	0.00
129.10	24.20	24.00	22.30	20.40	68.90	2.70	0.00	0.00
129.20	24.30	24.00	22.30	20.40	69.00	2.80	0.00	0.00
129.30	24.30	24.10	22.10	20.40	69.00	2.50	0.00	0.00
129.40	24.30	24.10	22.10	20.40	69.20	2.80	0.00	0.00
129.50	24.30	24.10	22.40	20.50	69.00	2.80	0.00	0.00
129.60	24.30	24.10	22.40	20.50	69.20	3.10	0.00	0.00
129.70	24.30	24.00	22.30	20.40	70.30	2.50	0.00	0.00
129.80	24.20	24.10	22.30	20.40	68.70	2.50	0.00	0.00
129.90	24.20	24.10	22.30	20.40	69.20	2.50	0.00	0.00
130.00	24.20	24.00	22.30	20.40	69.20	2.50	0.00	0.00
130.10	24.30	24.10	22.40	20.50	68.90	2.70	0.00	0.00
130.20	24.30	24.10	22.40	20.50	69.20	3.10	0.00	0.00
130.30	24.30	24.10	22.40	20.30	69.20	2.50	0.00	0.00
130.40	24.20	24.10	22.20	20.50	69.00	3.00	0.00	0.00
130.50	24.20	24.10	22.20	20.50	69.20	3.10	0.00	0.00
130.60	24.30	24.00	22.30	20.60	69.20	2.70	0.00	0.00
130.70	24.30	24.10	22.40	20.40	69.20	2.70	0.00	0.00
130.80	24.30	24.10	22.40	20.40	68.90	2.80	0.00	0.00
130.90	24.20	23.90	22.30	20.40	68.90	2.80	0.00	0.00
131.00	24.30	24.00	22.30	20.40	69.00	2.70	0.00	0.00
131.10	24.30	24.00	22.30	20.40	69.30	2.80	0.00	0.00
131.20	24.30	24.00	22.40	20.40	68.90	2.70	0.00	0.00
131.30	24.30	24.00	22.30	20.50	69.50	3.00	0.00	0.00
131.40	24.30	24.00	22.30	20.50	69.20	3.00	0.00	0.00
131.50	24.30	23.90	22.30	20.30	69.00	2.80	0.00	0.00
131.60	24.20	24.00	22.30	20.40	69.00	2.50	0.00	0.00
131.70	24.20	24.00	22.30	20.40	69.30	3.00	0.00	0.00
131.80	24.30	24.00	22.30	20.40	69.30	3.00	0.00	0.00
131.90	24.30	24.10	22.40	20.50	69.20	2.20	0.00	0.00
132.00	24.30	24.10	22.40	20.50	69.30	2.70	0.00	0.00
132.10	24.30	24.20	22.40	20.40	69.00	3.30	0.00	0.00
132.20	24.30	24.20	22.40	20.40	69.30	2.70	0.00	0.00
132.30	24.10	24.00	22.30	20.30	68.60	2.50	0.00	0.00
132.40	24.20	24.00	22.30	20.40	69.30	2.80	0.00	0.00
132.50	24.20	24.00	22.30	20.40	68.90	3.10	0.00	0.00
132.60	24.30	24.00	22.40	20.50	69.20	2.70	0.00	0.00
132.70	24.30	24.20	22.40	20.40	68.90	3.00	0.00	0.00
132.80	24.30	24.20	22.40	20.40	68.90	3.00	0.00	0.00
132.90	24.10	24.00	22.20	20.40	69.20	2.80	0.00	0.00
133.00	24.20	24.10	22.30	20.40	68.90	2.80	0.00	0.00
133.10	24.20	24.10	22.30	20.40	68.90	2.80	0.00	0.00
133.20	24.40	24.00	22.30	20.40	68.60	2.40	0.00	0.00
133.30	24.30	24.00	22.40	20.40	68.90	3.00	0.00	0.00
133.40	24.30	24.00	22.40	20.40	69.00	2.80	0.00	0.00
133.50	24.30	24.00	22.40	20.50	69.30	2.70	0.00	0.00
133.60	24.30	24.00	22.30	20.30	69.20	2.40	0.00	0.00
133.70	24.30	24.00	22.30	20.30	69.20	2.40	0.00	0.00
133.80	24.20	24.00	22.30	20.40	69.30	2.70	0.00	0.00
133.90	24.20	24.00	22.30	20.40	69.00	3.00	0.00	0.00
134.00	24.20	24.00	22.20	20.30	69.20	2.80	0.00	0.00
134.10	24.30	24.00	22.40	20.50	68.90	2.40	0.00	0.00
134.20	24.20	24.00	22.40	20.50	69.20	2.80	0.00	0.00
134.30	24.20	24.00	22.40	20.50	68.70	2.70	0.00	0.00
134.40	24.40	24.20	22.60	20.60	68.90	2.80	0.00	0.00
134.50	24.40	24.20	22.60	20.60	69.00	2.70	0.00	0.00
134.60	24.30	24.10	22.30	20.50	69.20	3.00	0.00	0.00
134.70	24.20	24.00	22.30	20.50	69.20	3.00	0.00	0.00
134.80	24.20	24.00	22.30	20.50	69.30	2.70	0.00	0.00
134.90	24.10	23.90	22.20	20.30	69.20	2.80	0.00	0.00
135.00	24.20	24.00	22.30	20.40	69.00	2.50	0.00	0.00
135.10	24.20	24.00	22.30	20.40	68.90	2.70	0.00	0.00
135.20	24.20	24.00	22.30	20.40	68.90	2.50	0.00	0.00
135.30	24.20	24.10	22.30	20.40	68.70	2.50	0.00	0.00
135.40	24.20	24.10	22.30	20.40	68.60	3.00	0.00	0.00
135.50	24.20	23.90	22.40	20.40	69.00	2.70	0.00	0.00
135.60	24.30	24.10	22.30	20.50	69.00	2.70	0.00	0.00
135.70	24.30	24.10	22.30	20.50	69.20	3.10	0.00	0.00
135.80	24.30	24.00	22.40	20.50	69.00	2.50	0.00	0.00
135.90	24.30	24.00	22.40	20.50	68.40	2.50	0.00	0.00
136.00	24.20	24.10	22.40	20.40	68.90	3.10	0.00	0.00
136.10	24.10	24.00	22.30	20.30	69.20	3.10	0.00	0.00
136.20	24.10	24.00	22.30	20.30	68.70	3.00	0.00	0.00
136.30	24.20	24.00	22.30	20.20	69.20	2.70	0.00	0.00
136.40	24.30	24.10	22.40	20.40	69.00	2.80	0.00	0.00
136.50	24.30	24.10	22.40	20.40	69.00	2.80	0.00	0.00
136.60	24.20	23.90	22.30	20.30	69.00	2.80	0.00	0.00
136.70	24.20	24.00	22.30	20.40	68.90	2.70	0.00	0.00
136.80	24.20	24.00	22.30	20.40	68.90	3.30	0.00	0.00
136.90	24.20	24.00	22.30	20.40	69.30	3.40	0.00	0.00
137.00	24.20	24.00	22.20	20.20	68.90	2.70	0.00	0.00
137.10	24.20	24.00	22.20	20.20	69.00	2.80	0.00	0.00
137.20	24.20	24.00	22.30	20.40	68.90	2.70	0.00	0.00
137.30	24.20	24.20	22.30	20.50	69.20	3.10	0.00	0.00
137.40	24.20	24.20	22.30	20.50	69.30	2.50	0.00	0.00
137.50	24.20	24.10	22.40	20.40	69.30	2.50	0.00	0.00
137.60	24.20	24.10	22.40	20.40	68.90	2.70	0.00	0.00
137.70	24.20	24.10	22.30	20.40	69.30	2.50	0.00	0.00
137.80	24.20	24.10	22.40	20.30	69.00	2.80	0.00	0.00
137.90	24.20	24.10	22.40	20.30	69.00	3.00	0.00	0.00
138.00	24.20	24.00	22.40	20.50	69.00	2.50	0.00	0.00
138.10	24.20	24.00	22.30	20.40	69.30	3.80	0.00	0.00
138.20	24.20	24.00	22.30	20.40	69.00	2.70	0.00	0.00
138.30	24.20	24.10	22.30	20.40	69.30	2.80	0.00	0.00
138.40	24.10	24.00	22.20	20.40	69.30	2.80	0.00	0.00
138.50	24.10	24.00	22.20	20.40	69.00	2.50	0.00	0.00
138.60	24.30	24.10	22.40	20.30	69.20	2.80	0.00	0.00
138.70	24.10	24.00	22.30	20.40	69.30	2.80	0.00	0.00
138.80	24.10	24.00	22.30	20.40	69.30	2.80	0.00	0.00
138.90	24.10	24.00	22.20	20.30	69.00	2.80	0.00	0.00
139.00	24.10	24.00	22.20	20.30	69.20	2.50	0.00	0.00
139.10	24.20	24.00	22.30	20.40	69.30	2.40	0.00	0.00
139.20	24.10	24.10	22.30	20.30	69.20	3.30	0.00	0.00
139.30	24.10	24.10	22.30	20.30	69.00	3.00	0.00	0.00
139.40	24.10	24.00	22.20	20.40	69.50	2.70	0.00	0.00
139.50	24.30	24.10	22.40	20.50	68.70	2.50	0.00	0.00
139.60	24.30	24.10	22.40	20.50	68.70	2.50	0.00	0.00
139.70	24.30	24.10	22.50	20.50	68.90	3.10	0.00	0.00
139.80	24.30	24.10	22.50	20.50	68.90	2.50	0.00	0.00
139.90	24.10	24.00	22.20	20.40	68.70	2.70	0.00	0.00
140.00	24.20	23.90	22.30	20.40	69.00	2.80	0.00	0.00
140.10	24.20	23.90	22.30	20.40	69.00	2.70	0.00	0.00
140.20	24.30	24.00	22.40	20.50	69.20	3.10	0.00	0.00
140.30	24.10	23.90	22.20	20.30	69.20	3.10	0.00	0.00
140.40	24.10	23.90	22.20	20.30	68.90	2.70	0.00	0.00
140.50	24.20	24.10	22.40	20.40	69.20	2.40	0.00	0.00
140.60	24.20	24.00	22.30	20.40	69.20	2.80	0.00	0.00
140.70	24.20	24.00	22.30	20.40	69.00	3.00	0.00	0.00
140.80	24.10	23.90	22.20	20.40	69.20	3.10	0.00	0.00
140.90	24.10	23.90	22.20	20.40	69.20	2.40	0.00	0.00
141.00	24.30	24.10	22.40	20.50	69.00	2.80	0.00	0.00
141.10	24.20	24.00	22.30	20.40	68.90	2.80	0.00	0.00
141.20	24.20	24.00	22.30	20.40	68.90	2.80	0.00	0.00
141.30	24.10	24.10	22.30	20.30	68.90	2.70	0.00	0.00
141.40	24.20	24.00	22.20	20.40	69.20	2.70	0.00	0.00
141.50	24.20	24.00	22.20	20.40	68.90	3.00	0.00	0.00
141.60	24.20	24.00	22.30	20.40	69.20	3.00	0.00	0.00
141.70	24.10	24.00	22.30	20.40	69.20	2.80	0.00	0.00
141.80	24.10	24.00	22.30	20.40	69.00	2.80	0.00	0.00
141.90	24.10	24.00	22.30	20.40	68.90	2.40	0.00	0.00
142.00	24.10	24.00	22.30	20.40	68.90	2.80	0.00	0.00
142.10	24.10	24.00	22.30	20.40	69.50	2.80	0.00	0.00
142.20	24.20	24.00	22.30	20.30	69.50	2.80	0.00	0.00
142.30	24.20	24.00	22.30	20.30	69.00	2.80	0.00	0.00
142.40	24.10	24.10	22.40	20.50	68.70	3.00	0.00	0.00
142.50	24.20	24.00	22.30	20.50	69.20	2.80	0.00	0.00
142.60	24.20	24.00	22.30	20.50	68.90	2.80	0.00	0.00
142.70	24.10	24.00	22.30	20.30	68.70	2.70	0.00	0.00
142.80	24.30	24.00	22.30	20.40	69.70	2.80	0.00	0.00
142.90	24.30	24.00	22.30	20.40	69.50	3.10	0.00	0.00
143.00	24.20	23.90	22.30	20.30	69.20	3.10	0.00	0.00
143.10	24.00	24.00	22.30	20.40	69.20	3.10	0.00	0.00
143.20	24.00	24.00	22.30	20.40	68.90	2.70	0.00	0.00
143.30	24.20	24.00	22.20	20.40	69.00	2.80	0.00	0.00
143.40	24.20	24.00	22.20	20.40	68.70	2.80	0.00	0.00
143.50	24.10	23.90	22.30	20.30	69.00	2.80	0.00	0.00
143.60	24.10	24.00	22.40	20.40	69.00	3.00	0.00	0.00
143.70	24.10	24.00	22.40	20.40	69.00	3.00	0.00	0.00
143.80	24.10	23.90	22.30	20.40	69.00	2.80	0.00	0.00
143.90	24.10	23.90	22.30	20.40	69.00	2.70	0.00	0.00
144.00	24.20	24.00	22.50	20.50	69.00	2.70	0.00	0.00
144.10	24.10	24.00	22.40	20.40	69.20	3.00	0.00	0.00
144.20	24.10	24.00	22.40	20.40	69.20	3.60	0.00	0.00
144.30	24.10	24.10	22.20	20.40	68.90	2.70	0.00	0.00
144.40	24.20	24.00	22.30	20.30	68.90	2.50	0.00	0.00
144.50	24.20	24.00	22.30	20.30	69.20	2.80	0.00	0.00
144.60	24.10	24.00	22.40	20.40	69.00	3.00	0.00	0.00
144.70	24.00	24.00	22.30	20.30	68.90	2.70	0.00	0.00
144.80	24.00	24.00	22.30	20.30	68.90	3.00	0.00	0.00
144.90	24.10	24.00	22.30	20.40	68.90	3.00	0.00	0.00
145.00	24.30	24.10	22.30	20.50	68.90	3.00	0.00	0.00
145.10	24.30	24.10	22.30	20.50	69.20	3.10	0.00	0.00
145.20	24.20	24.00	22.40	20.50	69.20	2.80	0.00	0.00
145.30	24.10	24.00	22.20	20.50	69.00	2.50	0.00	0.00
145.40	24.10	24.00	22.20	20.50	69.20	2.70	0.00	0.00
145.50	24.10	23.90	22.30	20.30	68.60	3.00	0.00	0.00
145.60	24.10	24.00	22.40	20.40	69.00	2.80	0.00	0.00
145.70	24.10	24.00	22.40	20.40	69.20	2.50	0.00	0.00
145.80	24.10	24.00	22.40	20.30	69.50	2.50	0.00	0.00
145.90	24.10	24.00	22.30	20.40	69.50	2.50	0.00	0.00
146.00	24.10	24.00	22.30	20.40	69.20	2.80	0.00	0.00
146.10	24.10	24.00	22.30	20.40	69.20	3.30	0.00	0.00
146.20	24.10	24.00	22.30	20.40	69.20	2.70	0.00	0.00
146.30	24.10	24.00	22.20	20.40	69.20	2.50	0.00	0.00
146.40	24.00	23.90	22.30	20.40	69.80	2.80	0.00	0.00
146.50	24.00	23.90	22.30	20.40	69.20	2.50	0.00	0.00
146.60	24.10	24.00	22.40	20.50	69.20	2.70	0.00	0.00
146.70	24.20	24.00	22.30	20.50	68.60	2.70	0.00	0.00
146.80	24.20	24.00	22.30	20.50	69.20	2.80	0.00	0.00
146.90	24.10	23.90	22.20	20.40	69.20	2.80	0.00	0.00
147.00	24.10	23.90	22.30	20.30	68.90	2.80	0.00	0.00
147.10	24.10	23.90	22.30	20.30	69.20	3.10	0.00	0.00
147.20	24.20	24.10	22.40	20.40	68.70	2.70	0.00	0.00
147.30	24.20	24.00	22.40	20.50	68.70	2.80	0.00	0.00
147.40	24.20	24.00	22.40	20.50	69.20	2.20	0.00	0.00
147.50	24.00	23.90	22.20	20.30	69.00	3.10	0.00	0.00
147.60	24.00	23.90	22.20	20.30	68.60	3.00	0.00	0.00
147.70	24.00	23.90	22.20	20.30	69.00	2.50	0.00	0.00
147.80	24.10	24.00	22.30	20.40	69.00	2.50	0.00	0.00
147.90	24.10	24.00	22.30	20.40	68.70	2.70	0.00	0.00
148.00	24.20	23.90	22.40	20.50	69.50	3.00	0.00	0.00
148.10	24.10	24.00	22.40	20.40	68.90	3.00	0.00	0.00
148.20	24.10	24.00	22.40	20.40	69.00	2.70	0.00	0.00
148.30	24.10	24.00	22.30	20.50	69.00	3.30	0.00	0.00
148.40	24.00	23.90	22.30	20.30	69.20	2.80	0.00	0.00
148.50	24.00	23.90	22.30	20.30	68.90	3.00	0.00	0.00
148.60	24.10	24.00	22.30	20.40	68.70	2.80	0.00	0.00
148.70	24.00	24.00	22.30	20.40	68.70	2.80	0.00	0.00
148.80	24.00	24.00	22.30	20.40	69.00	2.70	0.00	0.00
148.90	24.00	23.90	22.30	20.30	68.40	2.80	0.00	0.00
149.00	24.00	23.90	22.30	20.30	69.50	3.00	0.00	0.00
149.10	24.10	23.90	22.40	20.40	69.00	3.00	0.00	0.00
149.20	24.10	24.00	22.30	20.40	69.00	3.00	0.00	0.00
149.30	24.10	24.00	22.30	20.40	68.70	3.00	0.00	0.00
149.40	24.00	24.00	22.30	20.40	68.60	2.80	0.00	0.00
149.50	24.10	24.10	22.50	20.40	69.70	2.40	0.00	0.00
149.60	24.10	24.10	22.50	20.40	69.00	3.10	0.00	0.00
149.70	24.20	24.00	22.30	20.40	69.00	3.10	0.00	0.00
149.80	24.20	24.00	22.30	20.40	68.90	2.80	0.00	0.00
149.90	24.30	24.10	22.40	20.50	68.90	3.00	0.00	0.00
150.00	24.10	24.00	22.30	20.50	68.70	2.80	0.00	0.00
150.10	24.10	24.00	22.30	20.50	69.20	3.00	0.00	0.00
150.20	24.20	24.10	22.40	20.50	68.90	2.70	0.00	0.00
150.30	24.10	23.90	22.20	20.30	69.00	3.10	0.00	0.00
150.40	24.10	23.90	22.20	20.30	68.90	2.70	0.00	0.00
150.50	24.10	24.10	22.30	20.50	69.20	3.80	0.00	0.00
150.60	24.20	24.00	22.40	20.50	69.20	3.80	0.00	0.00
150.70	24.20	24.00	22.40	20.50	68.90	2.70	0.00	0.00
150.80	24.10	23.90	22.30	20.30	69.00	2.80	0.00	0.00
150.90	24.10	24.00	22.30	20.20	68.90	3.00	0.00	0.00
151.00	24.10	24.00	22.30	20.20	69.00	2.80	0.00	0.00
151.10	24.10	24.00	22.40	20.40	69.20	2.70	0.00	0.00
151.20	24.10	24.00	22.30	20.60	70.00	3.10	0.00	0.00
151.30	24.10	24.00	22.30	20.60	69.30	3.30	0.00	0.00
151.40	24.20	24.00	22.40	20.50	69.20	2.50	0.00	0.00
151.50	24.20	24.10	22.40	20.50	69.20	2.50	0.00	0.00
151.60	24.20	24.10	22.40	20.50	68.90	2.40	0.00	0.00
151.70	24.00	24.00	22.30	20.40	69.00	2.70	0.00	0.00
151.80	24.00	24.00	22.40	20.50	69.30	2.40	0.00	0.00
151.90	24.00	24.00	22.40	20.50	69.30	2.80	0.00	0.00
152.00	24.00	23.90	22.20	20.30	68.70	2.80	0.00	0.00
152.10	24.20	23.90	22.30	20.60	68.90	3.30	0.00	0.00
152.20	24.20	23.90	22.30	20.60	69.00	3.10	0.00	0.00
152.30	24.20	23.90	22.20	20.40	69.30	2.70	0.00	0.00
152.40	23.90	23.80	22.10	20.20	69.00	3.10	0.00	0.00
152.50	23.90	23.80	22.10	20.20	69.00	3.10	0.00	0.00
152.60	24.10	24.00	22.30	20.40	69.20	2.70	0.00	0.00
152.70	24.00	24.00	22.30	20.60	69.00	2.80	0.00	0.00
152.80	24.00	24.00	22.30	20.60	69.30	2.80	0.00	0.00
152.90	24.10	24.00	22.30	20.40	68.70	2.50	0.00	0.00
153.00	24.10	23.90	22.20	20.40	68.90	2.80	0.00	0.00
153.10	24.10	23.90	22.20	20.40	68.60	3.00	0.00	0.00
153.20	24.30	24.10	22.50	20.50	69.20	2.70	0.00	0.00
153.30	24.10	23.90	22.30	20.40	69.20	2.50	0.00	0.00
153.40	24.10	23.90	22.30	20.40	69.20	2.50	0.00	0.00
153.50	24.10	24.00	22.40	20.50	68.90	3.10	0.00	0.00
153.60	24.10	24.00	22.40	20.40	69.00	2.80	0.00	0.00
153.70	24.10	24.00	22.40	20.40	69.30	2.80	0.00	0.00
153.80	24.10	23.90	22.40	20.40	68.90	2.70	0.00	0.00
153.90	24.10	23.90	22.30	20.30	68.70	2.70	0.00	0.00
154.00	24.10	23.90	22.30	20.30	69.00	2.70	0.00	0.00
154.10	24.10	24.00	22.30	20.40	68.90	2.80	0.00	0.00
154.20	24.00	24.00	22.30	20.40	68.90	2.50	0.00	0.00
154.30	24.00	24.00	22.30	20.40	68.90	2.50	0.00	0.00
154.40	24.00	23.90	22.30	20.30	69.20	3.10	0.00	0.00
154.50	24.00	23.90	22.30	20.30	69.20	1.60	0.00	0.00
154.60	24.10	23.90	22.30	20.30	68.90	2.80	0.00	0.00
154.70	24.10	24.00	22.30	20.30	69.30	2.70	0.00	0.00
154.80	24.10	24.00	22.30	20.30	68.70	2.80	0.00	0.00
154.90	24.20	24.10	22.30	20.40	69.30	3.30	0.00	0.00
155.00	24.10	24.10	22.30	20.50	69.50	3.00	0.00	0.00
155.10	24.10	24.10	22.30	20.50	68.70	2.70	0.00	0.00
155.20	24.10	24.10	22.30	20.40	68.70	2.70	0.00	0.00
155.30	24.00	23.90	22.40	20.40	69.00	2.80	0.00	0.00
155.40	24.00	23.90	22.40	20.40	68.70	3.00	0.00	0.00
155.50	24.00	24.00	22.30	20.30	69.20	2.70	0.00	0.00
155.60	24.00	24.00	22.30	20.30	68.90	3.00	0.00	0.00
155.70	24.00	23.90	22.30	20.40	68.90	2.70	0.00	0.00
155.80	24.00	23.90	22.30	20.40	69.30	2.50	0.00	0.00
155.90	24.20	24.10	22.40	20.40	68.90	2.70	0.00	0.00
156.00	24.10	23.90	22.30	20.40	69.20	3.10	0.00	0.00
156.10	24.10	23.90	22.30	20.40	69.00	2.50	0.00	0.00
156.20	24.20	24.10	22.50	20.50	69.00	2.50	0.00	0.00
156.30	24.10	24.10	22.30	20.50	69.00	3.00	0.00	0.00
156.40	24.10	24.10	22.30	20.50	69.20	2.80	0.00	0.00
156.50	24.00	24.00	22.30	20.40	69.20	2.20	0.00	0.00
156.60	24.20	24.00	22.40	20.40	69.00	2.70	0.00	0.00
156.70	24.20	24.00	22.40	20.40	68.90	2.80	0.00	0.00
156.80	24.10	24.00	22.30	20.30	69.00	2.70	0.00	0.00
156.90	24.00	24.00	22.10	20.40	69.20	2.50	0.00	0.00
157.00	24.00	24.00	22.10	20.40	68.90	2.80	0.00	0.00
157.10	24.10	23.90	22.40	20.40	69.00	2.50	0.00	0.00
157.20	24.10	24.00	22.40	20.40	69.00	2.80	0.00	0.00
157.30	24.10	24.00	22.40	20.40	69.20	3.00	0.00	0.00
157.40	24.10	24.00	22.30	20.40	69.00	2.80	0.00	0.00
157.50	24.00	23.90	22.30	20.30	69.30	2.80	0.00	0.00
157.60	24.00	23.90	22.30	20.30	69.20	2.50	0.00	0.00
157.70	24.20	24.00	22.30	20.20	69.20	2.80	0.00	0.00
157.80	24.00	24.00	22.30	20.40	69.20	2.70	0.00	0.00
157.90	24.00	24.00	22.30	20.40	68.90	3.00	0.00	0.00
158.00	24.00	23.90	22.30	20.40	69.00	3.00	0.00	0.00
158.10	24.10	24.00	22.40	20.40	69.00	3.00	0.00	0.00
158.20	24.10	24.00	22.40	20.40	69.00	2.70	0.00	0.00
158.30	24.10	23.90	22.30	20.30	68.90	3.00	0.00	0.00
158.40	24.00	23.90	22.30	20.40	69.30	3.30	0.00	0.00
158.50	24.00	23.90	22.30	20.40	69.30	2.80	0.00	0.00
158.60	24.00	23.90	22.30	20.40	69.00	3.00	0.00	0.00
158.70	24.00	23.80	22.20	20.30	69.20	3.00	0.00	0.00
158.80	24.00	23.80	22.20	20.30	69.20	3.00	0.00	0.00
158.90	24.00	24.00	22.30	20.30	69.20	3.10	0.00	0.00
159.00	24.00	24.10	22.30	20.40	69.20	3.10	0.00	0.00
159.10	24.00	24.10	22.30	20.40	69.00	3.00	0.00	0.00
159.20	24.10	24.00	22.30	20.40	68.90	3.00	0.00	0.00
159.30	24.10	24.00	22.30	20.40	69.20	2.80	0.00	0.00
159.40	24.00	24.00	22.40	20.40	68.90	2.80	0.00	0.00
159.50	24.00	23.90	22.30	20.50	67.30	3.30	0.00	0.00
159.60	24.00	23.90	22.30	20.50	69.20	3.30	0.00	0.00
159.70	24.20	24.10	22.40	20.40	69.00	2.80	0.00	0.00
159.80	24.10	24.00	22.30	20.40	69.00	3.00	0.00	0.00
159.90	24.10	24.00	22.30	20.40	69.20	2.50	0.00	0.00
160.00	24.10	24.00	22.30	20.40	69.20	2.50	0.00	0.00
160.10	24.10	24.00	22.30	20.50	68.40	2.70	0.00	0.00
160.20	24.10	24.00	22.30	20.50	69.20	3.10	0.00	0.00
160.30	24.10	24.00	22.50	20.40	69.00	3.10	0.00	0.00
160.40	24.00	24.00	22.20	20.40	69.00	2.80	0.00	0.00
160.50	24.00	24.00	22.20	20.40	69.00	2.80	0.00	0.00
160.60	24.10	24.00	22.40	20.40	69.00	2.70	0.00	0.00
160.70	24.10	24.00	22.30	20.40	68.90	3.00	0.00	0.00
160.80	24.10	24.00	22.30	20.40	70.00	2.80	0.00	0.00
160.90	24.20	24.00	22.30	20.50	70.00	2.80	0.00	0.00
161.00	24.20	24.10	22.40	20.50	70.00	2.80	0.00	0.00
161.10	24.20	24.10	22.40	20.50	69.00	2.80	0.00	0.00
161.20	24.10	23.90	22.30	20.30	69.30	2.80	0.00	0.00
161.30	24.00	23.90	22.20	20.40	69.20	3.00	0.00	0.00
161.40	24.00	23.90	22.20	20.40	68.90	2.70	0.00	0.00
161.50	24.10	24.00	22.40	20.50	68.90	3.10	0.00	0.00
161.60	24.00	24.00	22.40	20.50	69.20	3.00	0.00	0.00
161.70	24.00	24.00	22.40	20.50	69.00	3.00	0.00	0.00
161.80	24.00	24.00	22.40	20.50	68.90	3.10	0.00	0.00
161.90	24.10	24.00	22.30	20.40	68.90	3.10	0.00	0.00
162.00	24.10	24.00	22.30	20.40	68.70	3.10	0.00	0.00
162.10	24.10	23.90	22.30	20.40	69.20	2.80	0.00	0.00
162.20	24.10	23.90	22.30	20.40	69.00	3.00	0.00	0.00
162.30	24.20	24.10	22.30	20.60	69.00	2.50	0.00	0.00
162.40	24.00	23.90	22.30	20.40	68.60	2.80	0.00	0.00
162.50	24.00	23.90	22.30	20.40	69.20	3.10	0.00	0.00
162.60	23.90	23.90	22.40	20.40	68.70	2.70	0.00	0.00
162.70	23.90	23.90	22.40	20.40	68.70	3.00	0.00	0.00
162.80	24.10	23.90	22.40	20.50	69.20	2.50	0.00	0.00
162.90	23.90	23.90	22.30	20.40	69.20	2.50	0.00	0.00
163.00	23.90	23.90	22.30	20.40	69.00	2.70	0.00	0.00
163.10	24.00	24.00	22.40	20.40	68.90	2.80	0.00	0.00
163.20	24.00	24.00	22.30	20.40	69.00	3.00	0.00	0.00
163.30	24.00	24.00	22.30	20.40	68.90	2.50	0.00	0.00
163.40	24.20	24.10	22.50	20.40	69.00	2.80	0.00	0.00
163.50	24.20	24.10	22.50	20.40	68.70	2.80	0.00	0.00
163.60	24.10	24.00	22.50	20.50	69.00	3.10	0.00	0.00
163.70	24.10	24.00	22.40	20.40	68.90	2.70	0.00	0.00
163.80	24.10	24.00	22.40	20.40	68.90	2.70	0.00	0.00
163.90	24.00	24.00	22.30	20.40	69.30	2.80	0.00	0.00
164.00	24.00	24.00	22.30	20.40	69.00	2.80	0.00	0.00
164.10	24.00	23.90	22.40	20.40	69.20	2.70	0.00	0.00
164.20	24.00	23.90	22.30	20.50	68.70	2.50	0.00	0.00
164.30	24.00	23.90	22.30	20.50	69.20	3.30	0.00	0.00
164.40	24.00	24.00	22.30	20.50	68.90	3.00	0.00	0.00
164.50	24.00	23.90	22.30	20.30	69.20	0.80	0.00	0.00
164.60	24.00	23.90	22.30	20.30	69.30	2.70	0.00	0.00
164.70	24.10	24.10	22.40	20.60	69.30	2.70	0.00	0.00
164.80	24.10	24.10	22.40	20.30	69.50	2.70	0.00	0.00
164.90	24.10	24.10	22.40	20.30	69.30	3.00	0.00	0.00
165.00	24.20	24.10	22.40	20.50	68.90	2.80	0.00	0.00
165.10	24.20	23.90	22.30	20.50	69.20	2.80	0.00	0.00
165.20	24.20	23.90	22.30	20.50	68.70	3.00	0.00	0.00
165.30	24.00	23.90	22.20	20.40	68.60	2.70	0.00	0.00
165.40	23.90	23.90	22.20	20.40	68.70	2.80	0.00	0.00
165.50	23.90	23.90	22.20	20.40	69.20	2.80	0.00	0.00
165.60	24.00	23.90	22.30	20.30	68.90	2.50	0.00	0.00
165.70	24.10	24.10	22.40	20.40	68.90	2.50	0.00	0.00
165.80	24.10	24.10	22.40	20.40	69.20	2.80	0.00	0.00
165.90	23.90	23.90	22.20	20.30	69.20	2.70	0.00	0.00
166.00	23.90	23.90	22.20	20.30	69.20	3.10	0.00	0.00
166.10	24.00	23.90	22.30	20.40	69.00	2.50	0.00	0.00
166.20	24.10	23.80	22.30	20.40	68.90	3.10	0.00	0.00
166.30	24.10	23.80	22.30	20.40	68.70	2.50	0.00	0.00
166.40	23.90	23.90	22.30	20.40	69.20	2.70	0.00	0.00
166.50	24.00	24.00	22.30	20.40	69.20	2.70	0.00	0.00
166.60	24.00	24.00	22.30	20.40	68.90	3.00	0.00	0.00
166.70	24.10	24.10	22.40	20.40	68.90	3.00	0.00	0.00
166.80	24.10	24.10	22.20	20.40	69.50	3.00	0.00	0.00
166.90	24.10	24.10	22.20	20.40	69.00	3.10	0.00	0.00
167.00	24.10	24.00	22.40	20.30	69.00	3.30	0.00	0.00
167.10	24.00	24.00	22.40	20.40	69.20	3.00	0.00	0.00
167.20	24.00	24.00	22.40	20.40	69.20	2.70	0.00	0.00
167.30	24.10	24.00	22.40	20.50	69.20	2.70	0.00	0.00
167.40	24.00	24.00	22.40	20.40	68.90	3.00	0.00	0.00
167.50	24.00	24.00	22.40	20.40	69.20	2.70	0.00	0.00
167.60	24.00	23.80	22.40	20.40	69.20	2.70	0.00	0.00
167.70	24.10	24.00	22.40	20.30	69.00	2.70	0.00	0.00
167.80	24.10	24.00	22.40	20.30	68.90	3.00	0.00	0.00
167.90	24.10	24.00	22.30	20.50	69.00	2.40	0.00	0.00
168.00	24.00	24.00	22.30	20.50	69.00	3.10	0.00	0.00
168.10	24.00	24.00	22.30	20.50	69.00	3.10	0.00	0.00
168.20	24.10	24.00	22.40	20.40	68.90	2.80	0.00	0.00
168.30	24.10	24.00	22.50	20.60	68.70	2.50	0.00	0.00
168.40	24.10	24.00	22.50	20.60	69.00	3.30	0.00	0.00
168.50	23.90	23.90	22.20	20.40	69.00	3.30	0.00	0.00
168.60	24.00	24.10	22.30	20.50	68.30	3.00	0.00	0.00
168.70	24.00	24.10	22.30	20.50	68.70	3.00	0.00	0.00
168.80	24.00	24.10	22.40	20.50	69.00	3.60	0.00	0.00
168.90	23.90	23.90	22.30	20.30	69.30	3.00	0.00	0.00
169.00	23.90	23.90	22.30	20.30	69.00	2.70	0.00	0.00
169.10	24.10	24.00	22.50	20.40	69.00	2.80	0.00	0.00
169.20	24.00	23.90	22.30	20.40	69.20	2.50	0.00	0.00
169.30	24.00	23.90	22.30	20.40	69.00	3.30	0.00	0.00
169.40	24.00	23.90	22.30	20.40	69.00	3.30	0.00	0.00
169.50	24.00	23.90	22.30	20.40	68.60	3.00	0.00	0.00
169.60	24.10	24.00	22.40	20.40	69.20	3.30	0.00	0.00
169.70	24.00	24.10	22.40	20.40	69.00	2.70	0.00	0.00
169.80	24.00	24.10	22.40	20.40	69.20	2.70	0.00	0.00
169.90	24.00	24.00	22.30	20.40	68.70	2.80	0.00	0.00
170.00	24.00	23.90	22.30	20.50	69.20	2.50	0.00	0.00
170.10	24.00	23.90	22.30	20.50	69.20	2.80	0.00	0.00
170.20	24.10	24.00	22.30	20.40	68.90	2.80	0.00	0.00
170.30	24.00	24.00	22.30	20.50	68.90	2.80	0.00	0.00
170.40	24.00	24.00	22.30	20.50	69.00	1.40	0.00	0.00
170.50	24.00	24.00	22.30	20.40	68.40	3.00	0.00	0.00
170.60	24.00	24.00	22.30	20.40	69.30	2.40	0.00	0.00
170.70	24.00	23.90	22.20	20.30	69.00	1.70	0.00	0.00
170.80	24.10	24.10	22.50	20.60	68.70	3.10	0.00	0.00
170.90	24.10	24.10	22.50	20.60	68.70	2.70	0.00	0.00
171.00	24.10	24.00	22.40	20.50	68.70	2.50	0.00	0.00
171.10	24.10	24.10	22.50	20.50	69.00	2.80	0.00	0.00
171.20	24.10	24.10	22.50	20.50	68.90	3.00	0.00	0.00
171.30	24.00	24.00	22.40	20.40	68.90	3.00	0.00	0.00
171.40	24.10	24.00	22.30	20.40	69.00	2.10	0.00	0.00
171.50	24.10	24.00	22.30	20.40	69.00	2.70	0.00	0.00
171.60	24.00	24.00	22.40	20.60	68.60	2.70	0.00	0.00
171.70	24.00	24.00	22.40	20.60	69.00	2.70	0.00	0.00
171.80	24.20	23.90	22.30	20.50	69.20	3.00	0.00	0.00
171.90	24.00	24.00	22.30	20.40	69.20	3.30	0.00	0.00
172.00	24.00	24.00	22.30	20.40	69.20	2.80	0.00	0.00
172.10	24.00	23.90	22.30	20.40	69.20	2.80	0.00	0.00
172.20	24.00	24.10	22.40	20.50	69.20	2.80	0.00	0.00
172.30	24.00	24.10	22.40	20.50	68.70	2.50	0.00	0.00
172.40	24.00	23.90	22.30	20.50	68.70	2.80	0.00	0.00
172.50	24.10	24.00	22.40	20.50	69.20	2.70	0.00	0.00
172.60	24.10	24.00	22.40	20.50	69.20	2.80	0.00	0.00
172.70	24.00	24.00	22.30	20.40	69.00	2.70	0.00	0.00
172.80	24.20	24.10	22.40	20.60	68.70	3.00	0.00	0.00
172.90	24.20	24.10	22.40	20.60	69.20	3.30	0.00	0.00
173.00	24.00	24.00	22.20	20.40	68.70	2.70	0.00	0.00
173.10	24.10	24.10	22.50	20.40	68.70	2.70	0.00	0.00
173.20	24.10	24.10	22.50	20.40	68.90	3.10	0.00	0.00
173.30	24.00	24.00	22.30	20.50	69.00	3.10	0.00	0.00
173.40	24.10	24.00	22.30	20.60	68.90	2.80	0.00	0.00
173.50	24.10	24.00	22.30	20.60	69.00	2.50	0.00	0.00
173.60	24.10	24.00	22.20	20.40	68.90	2.50	0.00	0.00
173.70	24.10	24.00	22.20	20.40	69.20	1.70	0.00	0.00
173.80	23.90	23.80	22.20	20.40	68.60	3.00	0.00	0.00
173.90	23.90	24.00	22.30	20.40	68.10	3.00	0.00	0.00
174.00	24.00	23.90	22.20	20.30	68.10	3.00	0.00	0.00
174.10	24.00	23.90	22.20	20.30	68.10	3.00	0.00	0.00
174.20	24.10	23.90	22.40	20.40	68.70	3.10	0.00	0.00
174.30	24.10	23.90	22.40	20.40	69.20	2.80	0.00	0.00
174.40	23.90	24.00	22.30	20.40	69.30	3.00	0.00	0.00
174.50	24.00	23.80	22.30	20.50	69.00	2.50	0.00	0.00
174.60	24.00	23.80	22.30	20.50	68.90	2.80	0.00	0.00
174.70	24.00	24.10	22.30	20.50	68.90	2.80	0.00	0.00
174.80	24.00	23.90	22.20	20.40	68.90	2.70	0.00	0.00
174.90	23.90	23.90	22.40	20.50	68.90	2.70	0.00	0.00
175.00	23.90	23.90	22.40	20.50	69.50	3.60	0.00	0.00
175.10	24.00	24.00	22.30	20.50	68.90	3.00	0.00	0.00
175.20	24.00	24.00	22.30	20.50	69.20	2.40	0.00	0.00
175.30	24.20	24.00	22.40	20.40	69.20	3.80	0.00	0.00
175.40	24.00	23.90	22.30	20.30	68.70	2.80	0.00	0.00
175.50	24.00	23.90	22.30	20.30	69.20	2.40	0.00	0.00
175.60	24.10	24.00	22.40	20.50	68.90	3.30	0.00	0.00
175.70	23.90	24.00	22.40	20.40	68.90	2.50	0.00	0.00
175.80	23.90	24.00	22.40	20.40	69.00	3.00	0.00	0.00
175.90	24.10	24.00	22.40	20.50	69.00	3.00	0.00	0.00
176.00	24.10	24.00	22.30	20.40	69.20	2.50	0.00	0.00
176.10	24.10	24.00	22.30	20.40	68.90	2.80	0.00	0.00
176.20	24.00	24.00	22.30	20.40	69.00	3.00	0.00	0.00
176.30	24.10	24.00	22.40	20.50	68.90	3.00	0.00	0.00
176.40	24.10	24.00	22.40	20.50	68.90	3.00	0.00	0.00
176.50	23.90	23.90	22.30	20.30	69.00	3.10	0.00	0.00
176.60	24.10	23.90	22.30	20.60	68.60	3.00	0.00	0.00
176.70	24.10	23.90	22.30	20.60	69.20	3.00	0.00	0.00
176.80	24.00	24.00	22.40	20.40	69.20	3.00	0.00	0.00
176.90	24.10	23.90	22.30	20.50	68.70	2.80	0.00	0.00
177.00	24.10	23.90	22.30	20.50	68.90	2.50	0.00	0.00
177.10	24.00	24.00	22.30	20.40	69.00	2.70	0.00	0.00
177.20	23.90	23.90	22.30	20.40	69.00	2.50	0.00	0.00
177.30	23.90	23.90	22.30	20.40	68.90	2.50	0.00	0.00
177.40	24.10	23.90	22.30	20.50	69.00	2.50	0.00	0.00
177.50	24.10	23.90	22.30	20.50	68.90	3.00	0.00	0.00
177.60	24.00	24.00	22.40	20.40	69.30	2.80	0.00	0.00
177.70	24.00	24.00	22.40	20.50	68.90	3.00	0.00	0.00
177.80	24.00	24.00	22.40	20.50	69.00	2.50	0.00	0.00
177.90	23.90	23.90	22.30	20.40	69.20	2.70	0.00	0.00
178.00	24.00	23.90	22.30	20.40	69.20	2.70	0.00	0.00
178.10	24.00	23.90	22.30	20.40	68.90	2.50	0.00	0.00
178.20	24.00	24.10	22.50	20.40	69.00	2.50	0.00	0.00
178.30	23.90	23.80	22.30	20.30	68.90	2.70	0.00	0.00
178.40	23.90	23.80	22.30	20.30	68.90	2.80	0.00	0.00
178.50	24.10	23.90	22.30	20.50	69.30	2.80	0.00	0.00
178.60	24.10	23.90	22.20	20.40	68.60	3.10	0.00	0.00
178.70	24.10	23.90	22.20	20.40	68.90	3.00	0.00	0.00
178.80	23.90	23.80	22.20	20.40	69.20	3.00	0.00	0.00
178.90	23.90	23.80	22.20	20.40	68.90	3.00	0.00	0.00
179.00	24.00	23.90	22.40	20.50	69.00	3.10	0.00	0.00
179.10	24.00	24.00	22.30	20.40	69.20	2.80	0.00	0.00
179.20	24.00	24.00	22.30	20.40	69.30	2.70	0.00	0.00
179.30	24.00	24.00	22.30	20.40	68.70	2.70	0.00	0.00
179.40	24.00	24.00	22.30	20.40	68.70	3.10	0.00	0.00
179.50	23.90	23.80	22.20	20.40	68.70	3.30	0.00	0.00
